Country,Year,Total Fund,GEF Grant,Cofinancing
Afghanistan,1970,839998940,70754894,769244046
Afghanistan,2003,1725000,975000,750000
Afghanistan,2004,400000,400000,0
Afghanistan,2009,91352843,46051963,45300880
Afghanistan,2010,464000,394000,70000
Afghanistan,2012,30555337,20278200,10277137
Afghanistan,2014,174226819,16351819,157875000
Afghanistan,2015,26218124,18848610,7369514
Afghanistan,2017,74886000,7563500,67322500
Afghanistan,2018,121465743,38577912,82887831
Afghanistan,2020,28198011,14906121,13291890
Afghanistan,2021,35906850,5906850,30000000
Afghanistan,2022,89894623,43937623,45957000
Afghanistan,2024,24982420,8982420,16000000
Africa,1970,857546468,43711468,813835000
Africa,2002,1816000,900000,916000
Africa,2004,1135000,1000000,135000
Africa,2007,2915000,1000000,1915000
Africa,2008,5600000,5600000,0
Africa,2010,11790359,4635809,7154550
Africa,2014,107340000,16340000,91000000
Africa,2015,14000000,2000000,12000000
Africa,2018,620000000,10000000,610000000
Africa,2020,17695676,5598926,12096750
Africa,2021,58127410,8192366,49935044
Africa,2022,258443479,21300000,237143479
Africa,2023,30292733,8940768,21351965
Africa,2024,82487011,10000000,72487011
Albania,1970,1583236235,157934376,1425301859
Albania,1996,374000,374000,0
Albania,1998,25370000,4100000,21270000
Albania,1999,41908100,13287200,28620900
Albania,2000,11985000,6060000,5925000
Albania,2001,100000,100000,0
Albania,2003,347000,347000,0
Albania,2004,20552000,5392000,15160000
Albania,2005,19400000,5000000,14400000
Albania,2006,12771000,4135000,8636000
Albania,2007,48063160,1855000,46208160
Albania,2008,75929937,20390816,55539121
Albania,2010,9354870,3667200,5687670
Albania,2011,34400000,8500000,25900000
Albania,2012,8929945,2668545,6261400
Albania,2013,148617267,72851267,75766000
Albania,2014,257223384,8311848,248911536
Albania,2015,22209522,4225950,17983572
Albania,2016,192525690,18237900,174287790
Albania,2017,14599401,3568080,11031321
Albania,2018,52906115,22867932,30038183
Albania,2019,119451765,13250000,106201765
Albania,2020,780717668,30174500,750543168
Albania,2021,175836468,18906468,156930000
Albania,2022,325936064,63949764,261986300
Albania,2023,48676900,39176900,9500000
Albania,2024,197621603,162621603,35000000
Algeria,1970,264089117,72516310,191572807
Algeria,1991,17560000,14000000,3560000
Algeria,1992,20000000,18260000,1740000
Algeria,1993,2500000,2500000,0
Algeria,1997,230500,230500,0
Algeria,1998,208670,208670,0
Algeria,1999,4199609,2778767,1420842
Algeria,2000,14083000,6785000,7298000
Algeria,2001,694000,694000,0
Algeria,2002,1416000,600000,816000
Algeria,2003,6263720,3738620,2525100
Algeria,2004,1800000,900000,900000
Algeria,2007,69294939,6593000,62701939
Algeria,2008,67386072,16391000,50995072
Algeria,2009,5493350,1627270,3866080
Algeria,2011,34113052,8387142,25725910
Algeria,2012,16500637,6530137,9970500
Algeria,2013,41980000,6440000,35540000
Algeria,2015,9817870,3308550,6509320
Algeria,2017,3786000,1963500,1822500
Algeria,2018,1090025619,15875174,1074150445
Algeria,2019,5891894,1000000,4891894
Algeria,2020,808661243,33448644,775212599
Algeria,2021,32517720,3297260,29220460
Algeria,2022,83985818,11958164,72027654
Algeria,2023,62856210,42606210,20250000
Algeria,2024,198019603,163019603,35000000
Angola,1970,2731357030,320964354,2410392676
Angola,1997,9262000,4725000,4537000
Angola,2000,8890000,4500000,4390000
Angola,2001,38673750,15114000,23559750
Angola,2002,7252000,5391000,1861000
Angola,2003,588126,550126,38000
Angola,2004,64783991,20812699,43971292
Angola,2005,1545800,748000,797800
Angola,2007,23589939,5888000,17701939
Angola,2008,607600,471600,136000
Angola,2009,74084796,5138460,68946336
Angola,2011,8583331,3993950,4589381
Angola,2012,38695337,22278200,16417137
Angola,2013,21990400,5800000,16190400
Angola,2014,150729585,24686581,126043004
Angola,2015,18401350,15782950,2618400
Angola,2016,269308541,36644392,232664149
Angola,2017,345831027,8063500,337767527
Angola,2018,2317737,1981737,336000
Angola,2019,8703424,2276484,6426940
Angola,2020,40778210,8030526,32747684
Angola,2021,105672450,23718450,81954000
Angola,2022,538463995,40869715,497594280
Angola,2023,38190000,38190000,0
Angola,2024,117423428,47727203,69696225
Angola,2025,202202775,24863829,177338946
Antigua and Barbuda,1970,1421068127,216919479,1204148648
Antigua and Barbuda,1992,50500000,12500000,38000000
Antigua and Barbuda,1995,2000000,2000000,0
Antigua and Barbuda,1997,8335500,7495500,840000
Antigua and Barbuda,1999,131744,131744,0
Antigua and Barbuda,2000,100000,100000,0
Antigua and Barbuda,2001,1957194,998062,959132
Antigua and Barbuda,2002,455180,405180,50000
Antigua and Barbuda,2003,9697300,5397300,4300000
Antigua and Barbuda,2004,29207050,7426000,21781050
Antigua and Barbuda,2005,112052184,13782691,98269493
Antigua and Barbuda,2007,7699230,2995930,4703300
Antigua and Barbuda,2008,54599227,7008116,47591111
Antigua and Barbuda,2009,1690300,845000,845300
Antigua and Barbuda,2010,271702403,20000000,251702403
Antigua and Barbuda,2011,31742075,14722493,17019582
Antigua and Barbuda,2012,25604337,11127200,14477137
Antigua and Barbuda,2013,8491000,7210000,1281000
Antigua and Barbuda,2014,17428387,3772986,13655401
Antigua and Barbuda,2015,384752230,71265845,313486385
Antigua and Barbuda,2016,60902000,10460000,50442000
Antigua and Barbuda,2017,32474505,20596184,11878321
Antigua and Barbuda,2018,29944101,14668833,15275268
Antigua and Barbuda,2019,5251700,2866700,2385000
Antigua and Barbuda,2020,2475390,1424500,1050890
Antigua and Barbuda,2021,194064326,36490335,157573991
Antigua and Barbuda,2022,147825612,19978966,127846646
Antigua and Barbuda,2023,44637214,39327214,5310000
Antigua and Barbuda,2024,199992296,163442103,36550193
Argentina,1970,2433209075,251211889,2181997186
Argentina,1991,8800000,7600000,1200000
Argentina,1996,6090890,4348890,1742000
Argentina,1997,28860000,13785000,15075000
Argentina,1998,736250,736250,0
Argentina,1999,189280000,30230000,159050000
Argentina,2001,56530000,19390000,37140000
Argentina,2002,43270925,17352000,25918925
Argentina,2003,2349800,1639800,710000
Argentina,2004,200000,200000,0
Argentina,2005,4671860,1888200,2783660
Argentina,2006,2530000,2500000,30000
Argentina,2007,107968807,41845919,66122888
Argentina,2008,179063000,36255000,142808000
Argentina,2009,197196035,66601054,130594981
Argentina,2010,46750874,13276936,33473938
Argentina,2011,24597310,6589030,18008280
Argentina,2012,81718365,40828365,40890000
Argentina,2013,4690434,1266000,3424434
Argentina,2014,194884623,32206516,162678107
Argentina,2015,28307400,4620000,23687400
Argentina,2016,39097345,7223539,31873806
Argentina,2017,164699234,35353000,129346234
Argentina,2018,66271869,12816918,53454951
Argentina,2019,2349800,1999800,350000
Argentina,2020,55555759,8930250,46625509
Argentina,2021,226949101,26502432,200446669
Argentina,2022,266687408,75345552,191341856
Argentina,2023,46136250,34008750,12127500
Argentina,2024,277217730,169111477,108106253
Armenia,1970,832860088,115558229,717301859
Armenia,1995,350000,350000,0
Armenia,1997,174800,174800,0
Armenia,2000,143130,143130,0
Armenia,2001,581500,581500,0
Armenia,2002,16272600,5317600,10955000
Armenia,2004,25793766,10704797,15088969
Armenia,2006,25050000,3000000,22050000
Armenia,2008,8455010,3180000,5275010
Armenia,2009,19904427,5350000,14554427
Armenia,2010,9145000,2035000,7110000
Armenia,2012,31076450,3248200,27828250
Armenia,2013,173325638,77261032,96064606
Armenia,2014,38839535,12217151,26622384
Armenia,2015,64006414,10553861,53452553
Armenia,2016,171682000,15852000,155830000
Armenia,2017,94020500,19270500,74750000
Armenia,2018,41403657,21107657,20296000
Armenia,2019,5839604,1324604,4515000
Armenia,2020,4035390,2414500,1620890
Armenia,2021,19628307,2775307,16853000
Armenia,2022,94766672,48749672,46017000
Armenia,2023,72723394,43021631,29701763
Armenia,2024,264168471,170043193,94125278
Asia/Pacific,1970,19450000,6000000,13450000
Asia/Pacific,2006,2108200,1150200,958000
Asia/Pacific,2021,161319457,28000000,133319457
Asia/Pacific,2022,52122506,8850000,43272506
Azerbaijan,1970,195583734,77163427,118420307
Azerbaijan,1997,324500,324500,0
Azerbaijan,1998,8975515,6749515,2226000
Azerbaijan,2000,19343036,8089036,11254000
Azerbaijan,2001,351216,351216,0
Azerbaijan,2002,220000,200000,20000
Azerbaijan,2004,32321400,6519400,25802000
Azerbaijan,2005,17100000,5000000,12100000
Azerbaijan,2007,1243040,835000,408040
Azerbaijan,2008,6051212,2719816,3331396
Azerbaijan,2009,61967427,7600000,54367427
Azerbaijan,2010,7380790,2120000,5260790
Azerbaijan,2011,10446000,2910000,7536000
Azerbaijan,2012,17366364,5816364,11550000
Azerbaijan,2013,19640455,3874780,15765675
Azerbaijan,2014,45640000,7190000,38450000
Azerbaijan,2015,2377950,1352950,1025000
Azerbaijan,2016,443185610,33478940,409706670
Azerbaijan,2017,10254747,3004747,7250000
Azerbaijan,2018,1898174,1598174,300000
Azerbaijan,2019,5432604,972604,4460000
Azerbaijan,2020,12758480,11408480,1350000
Azerbaijan,2021,11139726,2639726,8500000
Azerbaijan,2022,58288401,10448401,47840000
Azerbaijan,2023,38190000,38190000,0
Azerbaijan,2024,94718098,46353980,48364118
Bahamas,1970,690523273,158388406,532134867
Bahamas,1992,5801000,5000000,801000
Bahamas,1994,4000000,4000000,0
Bahamas,1996,150000,150000,0
Bahamas,1997,8220300,7380300,840000
Bahamas,1998,14000,14000,0
Bahamas,2001,2366694,1287562,1079132
Bahamas,2002,257000,150000,107000
Bahamas,2003,11247150,5974200,5272950
Bahamas,2004,21637050,3726000,17911050
Bahamas,2005,112446300,14176807,98269493
Bahamas,2008,54599227,7008116,47591111
Bahamas,2009,20225994,6234027,13991967
Bahamas,2010,28659,28659,0
Bahamas,2011,12870075,5972493,6897582
Bahamas,2015,43452872,8363875,35088997
Bahamas,2016,3942292,1900000,2042292
Bahamas,2017,19106200,15909700,3196500
Bahamas,2018,40831669,20030419,20801250
Bahamas,2020,26965700,12407504,14558196
Bahamas,2021,142884024,29361700,113522324
Bahamas,2022,302156361,74920635,227235726
Bahamas,2023,32058750,32058750,0
Bahamas,2024,196786603,161786603,35000000
Bahrain,1997,335000,335000,0
Bahrain,2011,430000,190000,240000
Bahrain,2013,7278000,6180000,1098000
Bahrain,2015,17901850,15513450,2388400
Bahrain,2017,260000,260000,0
Bahrain,2020,2475390,1424500,1050890
Bahrain,2022,1917811,1917811,0
Bahrain,2023,38190000,38190000,0
Bahrain,2024,40900000,40900000,0
Bangladesh,1970,1030951143,139649284,891301859
Bangladesh,1991,13000000,9500000,3500000
Bangladesh,1999,175000,175000,0
Bangladesh,2000,278900,278900,0
Bangladesh,2001,21620000,12032000,9588000
Bangladesh,2002,34312275,8695075,25617200
Bangladesh,2003,200000,200000,0
Bangladesh,2004,197500,197500,0
Bangladesh,2007,9050280,4525140,4525140
Bangladesh,2008,83228170,25164870,58063300
Bangladesh,2009,14210000,3000000,11210000
Bangladesh,2012,257676290,5944040,251732250
Bangladesh,2013,65599318,6795712,58803606
Bangladesh,2014,108310561,14053214,94257347
Bangladesh,2015,3094050,2099050,995000
Bangladesh,2016,116163405,14355708,101807697
Bangladesh,2017,4112402,1963500,2148902
Bangladesh,2018,36550600,9352000,27198600
Bangladesh,2019,43901292,9158242,34743050
Bangladesh,2020,106289547,13938657,92350890
Bangladesh,2021,56392420,8932420,47460000
Bangladesh,2022,164921358,28004418,136916940
Bangladesh,2023,80992499,72342164,8650335
Bangladesh,2024,197621603,162621603,35000000
Barbados,1970,713976241,161891374,552084867
Barbados,1997,8368057,7528057,840000
Barbados,1999,117744,117744,0
Barbados,2001,1957194,998062,959132
Barbados,2002,8905000,5935000,2970000
Barbados,2003,9300000,5000000,4300000
Barbados,2004,21637050,3726000,17911050
Barbados,2005,112523484,14253991,98269493
Barbados,2008,54599227,7008116,47591111
Barbados,2009,22153859,5345000,16808859
Barbados,2010,284507403,21000000,263507403
Barbados,2011,12870075,5972493,6897582
Barbados,2012,13631837,7118200,6513637
Barbados,2013,148617267,72851267,75766000
Barbados,2014,17011401,3636000,13375401
Barbados,2015,336522490,51124505,285397985
Barbados,2017,12675484,3739984,8935500
Barbados,2018,27444641,7506164,19938477
Barbados,2019,164977141,14943938,150033203
Barbados,2020,2475390,1424500,1050890
Barbados,2021,176994881,29155205,147839676
Barbados,2022,53200050,11344167,41855883
Barbados,2023,97229881,47753013,49476868
Barbados,2024,196786603,161786603,35000000
Belarus,1970,55515155,12130155,43385000
Belarus,1991,1250000,1000000,250000
Belarus,1997,15490000,6690000,8800000
Belarus,1998,81300,81300,0
Belarus,1999,14255000,7000000,7255000
Belarus,2001,544700,495700,49000
Belarus,2002,179100,179100,0
Belarus,2003,8691000,3129000,5562000
Belarus,2004,3782725,1475154,2307571
Belarus,2005,13628500,3166500,10462000
Belarus,2006,9769600,1400000,8369600
Belarus,2007,13647498,13647498,0
Belarus,2008,3676550,1745000,1931550
Belarus,2009,107610263,48217963,59392300
Belarus,2010,26675000,5500000,21175000
Belarus,2011,32200000,4500000,27700000
Belarus,2012,47580514,12017264,35563250
Belarus,2013,192882267,76196267,116686000
Belarus,2014,53685984,4739726,48946258
Belarus,2015,17704370,4243950,13460420
Belarus,2016,188743561,19263561,169480000
Belarus,2017,133084386,39090000,93994386
Belarus,2018,70417650,11180480,59237170
Belarus,2019,203653000,3653000,200000000
Belarus,2020,2475390,1424500,1050890
Belize,1970,1614684566,279375046,1335309520
Belize,1991,3900000,3000000,900000
Belize,1997,8219500,7379500,840000
Belize,1998,5060600,1665600,3395000
Belize,1999,31396174,16797744,14598430
Belize,2000,1068180,806680,261500
Belize,2001,26157194,11998062,14159132
Belize,2002,10227000,1177000,9050000
Belize,2003,23382000,12363000,11019000
Belize,2004,70522050,12726000,57796050
Belize,2005,16032692,7101472,8931220
Belize,2007,63020000,8400000,54620000
Belize,2008,55224127,7480616,47743511
Belize,2010,2054971,975000,1079971
Belize,2011,12870075,5972493,6897582
Belize,2012,14806500,6079000,8727500
Belize,2014,30843751,7834600,23009151
Belize,2015,183562038,23405190,160156848
Belize,2016,13042500,8852000,4190500
Belize,2017,72529241,12758333,59770908
Belize,2018,2503735,2131735,372000
Belize,2019,164977141,14943938,150033203
Belize,2021,188313285,30389609,157923676
Belize,2022,312174939,76020248,236154691
Belize,2023,1233000,1233000,0
Belize,2024,280164632,175024439,105140193
Benin,1970,1036418949,131474987,904943962
Benin,1991,6512700,6000000,512700
Benin,1992,2500000,2500000,0
Benin,1996,4713000,2700000,2013000
Benin,1997,233820,233820,0
Benin,1998,26005375,6874375,19131000
Benin,2001,2392446,1052000,1340446
Benin,2002,534000,489000,45000
Benin,2003,3548711,2905126,643585
Benin,2004,115724991,37512699,78212292
Benin,2005,2825000,950000,1875000
Benin,2006,38719611,11347380,27372231
Benin,2007,50511716,10554741,39956975
Benin,2008,20463490,8705330,11758160
Benin,2009,78418182,1818182,76600000
Benin,2010,32404849,9249399,23155450
Benin,2011,32285653,11623950,20661703
Benin,2012,19028000,9628000,9400000
Benin,2013,77795105,15735556,62059549
Benin,2014,196652809,11208484,185444325
Benin,2015,48847950,11168550,37679400
Benin,2016,69192602,11872602,57320000
Benin,2017,112423221,19858300,92564921
Benin,2018,1294715789,36804344,1257911445
Benin,2019,146722000,15924771,130797229
Benin,2020,25118871,14024706,11094165
Benin,2021,1779863,1319863,460000
Benin,2022,213486576,27183528,186303048
Benin,2023,156944094,50704045,106240049
Benin,2024,197621603,162621603,35000000
Bhutan,1970,877278444,170694256,706584188
Bhutan,1991,12000000,10000000,2000000
Bhutan,1996,413146,413146,0
Bhutan,1997,2924568,1500000,1424568
Bhutan,2001,100000,100000,0
Bhutan,2002,165000,165000,0
Bhutan,2003,2253100,1190100,1063000
Bhutan,2004,0,0,0
Bhutan,2005,16954000,8184000,8770000
Bhutan,2007,2897485,897485,2000000
Bhutan,2008,8178966,3920050,4258916
Bhutan,2009,20463559,4500000,15963559
Bhutan,2010,1723000,869000,854000
Bhutan,2012,17880200,8651000,9229200
Bhutan,2013,172303267,83111267,89192000
Bhutan,2014,70034697,12491200,57543497
Bhutan,2015,17901850,15513450,2388400
Bhutan,2017,192810064,40698124,152111940
Bhutan,2018,15311461,4621461,10690000
Bhutan,2020,2475390,1424500,1050890
Bhutan,2021,13926690,4854128,9072562
Bhutan,2022,97438856,49586256,47852600
Bhutan,2023,34064420,8932420,25132000
Bhutan,2024,278254227,181068227,97186000
Bolivia,1970,1448538979,244857488,1203681491
Bolivia,1991,5355000,4500000,855000
Bolivia,1992,4500000,4500000,0
Bolivia,1996,4713000,2700000,2013000
Bolivia,1997,11260000,6795000,4465000
Bolivia,1998,3182972,3182972,0
Bolivia,1999,8039969,3983719,4056250
Bolivia,2000,45195000,15825000,29370000
Bolivia,2001,19988248,11236248,8752000
Bolivia,2002,11587230,2159430,9427800
Bolivia,2004,12203994,6027025,6176969
Bolivia,2007,22697778,18172638,4525140
Bolivia,2008,33172000,7940000,25232000
Bolivia,2009,228596083,69851054,158745029
Bolivia,2010,17600000,7775000,9825000
Bolivia,2011,16385000,5500000,10885000
Bolivia,2012,10166667,4166667,6000000
Bolivia,2013,465000,205000,260000
Bolivia,2014,32662050,6815594,25846456
Bolivia,2015,6945240,2066190,4879050
Bolivia,2016,96422320,15831959,80590361
Bolivia,2017,170410199,26224824,144185375
Bolivia,2018,7298735,3976735,3322000
Bolivia,2019,156095470,11735780,144359690
Bolivia,2020,3006390,1924500,1081890
Bolivia,2021,170494400,33337682,137156718
Bolivia,2022,168609171,16691311,151917860
Bolivia,2023,55846423,41278763,14567660
Bolivia,2024,280096735,63349996,216746739
Bolivia,2025,131828506,18782569,113045937
Bosnia-Herzegovina,1970,929243632,70883249,858360383
Bosnia-Herzegovina,2000,11985000,6060000,5925000
Bosnia-Herzegovina,2001,11600000,5000000,6600000
Bosnia-Herzegovina,2003,200000,200000,0
Bosnia-Herzegovina,2004,25405904,12527904,12878000
Bosnia-Herzegovina,2005,20270000,8900000,11370000
Bosnia-Herzegovina,2007,45905000,905000,45000000
Bosnia-Herzegovina,2008,86572812,27182666,59390146
Bosnia-Herzegovina,2010,5563570,2160000,3403570
Bosnia-Herzegovina,2011,7400000,3000000,4400000
Bosnia-Herzegovina,2012,9479329,2912929,6566400
Bosnia-Herzegovina,2013,54341757,12697757,41644000
Bosnia-Herzegovina,2014,48398947,8054730,40344217
Bosnia-Herzegovina,2015,84637950,6352950,78285000
Bosnia-Herzegovina,2016,293927880,25129680,268798200
Bosnia-Herzegovina,2017,46973127,4492500,42480627
Bosnia-Herzegovina,2019,113559871,12250000,101309871
Bosnia-Herzegovina,2020,782167668,31374500,750793168
Bosnia-Herzegovina,2021,336080968,34913968,301167000
Bosnia-Herzegovina,2022,32178243,7101418,25076825
Bosnia-Herzegovina,2023,39423000,39423000,0
Bosnia-Herzegovina,2024,36435000,36435000,0
Botswana,1970,2153706605,194049568,1959657037
Botswana,1996,350000,350000,0
Botswana,1997,9262000,4725000,4537000
Botswana,1999,919410,726460,192950
Botswana,2000,8890000,4500000,4390000
Botswana,2001,12658000,9083000,3575000
Botswana,2002,22471133,10378134,12092999
Botswana,2003,556000,556000,0
Botswana,2004,1911000,1011000,900000
Botswana,2005,41832764,16708674,25124090
Botswana,2006,16143125,4000000,12143125
Botswana,2008,18927300,1928300,16999000
Botswana,2009,58835500,11800000,47035500
Botswana,2010,7175000,2175000,5000000
Botswana,2011,6294458,2563950,3730508
Botswana,2013,189110488,77751249,111359239
Botswana,2014,59737818,10081818,49656000
Botswana,2015,8221840,3081790,5140050
Botswana,2016,348317127,26507300,321809827
Botswana,2017,377274902,15690289,361584613
Botswana,2018,379759460,13722968,366036492
Botswana,2020,2533750,1287000,1246750
Botswana,2021,82596948,9554587,73042361
Botswana,2022,224039838,60655484,163384354
Botswana,2023,13063982,2898982,10165000
Botswana,2024,197621603,162621603,35000000
Brazil,1970,3785911931,686973332,3098938599
Brazil,1991,56355000,39300000,17055000
Brazil,1992,14115000,11115000,3000000
Brazil,1994,0,0,0
Brazil,1996,7976000,4441000,3535000
Brazil,1997,5285000,4445000,840000
Brazil,1998,13335400,7118800,6216600
Brazil,1999,165438800,32234000,133204800
Brazil,2000,22293000,13024000,9269000
Brazil,2001,28732313,15192062,13540251
Brazil,2002,178789937,65176356,113613581
Brazil,2004,26324262,4000000,22324262
Brazil,2005,60946397,25778734,35167663
Brazil,2006,213018683,24352124,188666559
Brazil,2007,179743410,59599016,120144394
Brazil,2008,210515922,49618798,160897124
Brazil,2009,447911463,105986963,341924500
Brazil,2010,176318670,30542728,145775942
Brazil,2011,150497682,24707618,125790064
Brazil,2012,26838690,9429000,17409690
Brazil,2013,11465425,2261819,9203606
Brazil,2014,605663620,76608522,529055098
Brazil,2015,183317410,22289003,161028407
Brazil,2016,59164683,16110586,43054097
Brazil,2017,1035944691,149124100,886820591
Brazil,2018,91181742,18497679,72684063
Brazil,2019,165380930,12872995,152507935
Brazil,2021,584816306,68713834,516102472
Brazil,2022,784223013,86639095,697583918
Brazil,2023,10695703,5668681,5027022
Brazil,2024,789115860,238736923,550378937
Brazil,2025,305518195,14249576,291268619
Brunei,2008,14506621,4299164,10207457
Brunei,2011,1500000,750000,750000
Bulgaria,1970,1750000,1750000,0
Bulgaria,1991,43500000,8500000,35000000
Bulgaria,1992,9300000,9300000,0
Bulgaria,1995,13500000,10500000,3000000
Bulgaria,1997,19095000,8265000,10830000
Bulgaria,1998,3629956,3592456,37500
Bulgaria,1999,700000,663000,37000
Bulgaria,2000,2650000,1240000,1410000
Bulgaria,2001,19545000,9000000,10545000
Bulgaria,2002,22806459,13941179,8865280
Bulgaria,2004,54651812,21785460,32866352
Bulgaria,2005,72115841,16985022,55130819
Bulgaria,2006,9876000,1474000,8402000
Bulgaria,2007,61705498,15502498,46203000
Bulgaria,2008,1280000,745000,535000
Bulgaria,2009,92026012,46176639,45849373
Burkina Faso,1970,2821727933,255739894,2565988039
Burkina Faso,1992,2500000,2500000,0
Burkina Faso,1994,2000000,2000000,0
Burkina Faso,1995,13190000,7000000,6190000
Burkina Faso,1996,230977,230977,0
Burkina Faso,1997,233810,233810,0
Burkina Faso,1998,11460984,4343984,7117000
Burkina Faso,1999,1625000,1475000,150000
Burkina Faso,2000,3100000,100000,3000000
Burkina Faso,2001,3495100,1655100,1840000
Burkina Faso,2002,28679133,12487134,16191999
Burkina Faso,2003,4220610,3577025,643585
Burkina Faso,2004,55451000,20800000,34651000
Burkina Faso,2005,24223226,7742044,16481182
Burkina Faso,2006,16369611,5347380,11022231
Burkina Faso,2007,50511716,10554741,39956975
Burkina Faso,2008,30134233,2316233,27818000
Burkina Faso,2009,32610683,3900000,28710683
Burkina Faso,2010,40862739,10550307,30312432
Burkina Faso,2011,34971780,11543950,23427830
Burkina Faso,2012,123468585,16954948,106513637
Burkina Faso,2013,241498038,86344903,155153135
Burkina Faso,2014,93705225,18260000,75445225
Burkina Faso,2015,62675750,23782950,38892800
Burkina Faso,2016,43169448,7269448,35900000
Burkina Faso,2017,114057721,33245800,80811921
Burkina Faso,2018,1112996784,23406735,1089590049
Burkina Faso,2019,179865169,21287876,158577293
Burkina Faso,2020,31499925,5753175,25746750
Burkina Faso,2021,174005969,12884752,161121217
Burkina Faso,2022,486948166,89260968,397687198
Burkina Faso,2023,173726835,82684138,91042697
Burkina Faso,2024,203773897,165273897,38500000
Burundi,1970,623194824,464342973,158851851
Burundi,1991,10000000,10000000,0
Burundi,1998,549400,549400,0
Burundi,1999,11085,11085,0
Burundi,2001,119000,119000,0
Burundi,2002,590100,590100,0
Burundi,2003,114048711,19705126,94343585
Burundi,2004,49370000,7300000,42070000
Burundi,2007,32623566,3854000,28769566
Burundi,2008,250490000,27200000,223290000
Burundi,2009,30872910,6363700,24509210
Burundi,2010,3159090,859090,2300000
Burundi,2011,34359668,11411950,22947718
Burundi,2012,55673519,22096382,33577137
Burundi,2013,192357267,80131267,112226000
Burundi,2014,60892708,17442708,43450000
Burundi,2015,5423550,3968550,1455000
Burundi,2016,4050000,4000000,50000
Burundi,2017,81493294,26311185,55182109
Burundi,2018,2317737,1981737,336000
Burundi,2019,54555849,11206849,43349000
Burundi,2020,13644230,11397480,2246750
Burundi,2021,45744500,14007500,31737000
Burundi,2022,5186615,5063615,123000
Burundi,2023,179537316,94555941,84981375
Burundi,2024,270970227,180970227,90000000
Cabo Verde,1970,932343110,147726243,784616867
Cabo Verde,1996,208151,208151,0
Cabo Verde,1997,319300,319300,0
Cabo Verde,1998,14000,14000,0
Cabo Verde,1999,48000000,4700000,43300000
Cabo Verde,2000,100000,100000,0
Cabo Verde,2001,20000,20000,0
Cabo Verde,2003,10221626,3996726,6224900
Cabo Verde,2004,1800000,900000,900000
Cabo Verde,2005,503100,503100,0
Cabo Verde,2007,13029517,3300000,9729517
Cabo Verde,2009,238305990,66301963,172004027
Cabo Verde,2010,69003273,12800000,56203273
Cabo Verde,2011,22955653,9693950,13261703
Cabo Verde,2012,22062603,8556182,13506421
Cabo Verde,2013,148914253,72988253,75926000
Cabo Verde,2014,33127684,7620000,25507684
Cabo Verde,2015,28260779,6951590,21309189
Cabo Verde,2016,587200,400000,187200
Cabo Verde,2017,89770127,25734027,64036100
Cabo Verde,2018,19048772,3763221,15285551
Cabo Verde,2019,9981050,2678000,7303050
Cabo Verde,2020,28649402,5074864,23574538
Cabo Verde,2022,93730238,47773238,45957000
Cabo Verde,2023,128495429,53866614,74628815
Cabo Verde,2024,291040517,185864334,105176183
Cambodia,1970,1158516480,216494013,942022467
Cambodia,1993,11400000,8000000,3400000
Cambodia,1997,325480,325480,0
Cambodia,1998,350000,350000,0
Cambodia,1999,49755000,29974000,19781000
Cambodia,2001,38484326,17509516,20974810
Cambodia,2002,2699500,1099500,1600000
Cambodia,2003,18748500,7440000,11308500
Cambodia,2004,31956071,7355554,24600517
Cambodia,2005,4965517,2300000,2665517
Cambodia,2006,1100405,641280,459125
Cambodia,2007,120918234,32923834,87994400
Cambodia,2009,4090350,1850000,2240350
Cambodia,2010,26194395,7313635,18880760
Cambodia,2011,18752421,6735745,12016676
Cambodia,2012,34603028,20474528,14128500
Cambodia,2013,463366,173516,289850
Cambodia,2014,297404309,31448583,265955726
Cambodia,2015,113939320,35659631,78279689
Cambodia,2016,139861798,22600000,117261798
Cambodia,2017,123974328,13174322,110800006
Cambodia,2018,54221858,14368480,39853378
Cambodia,2019,5382251,1366189,4016062
Cambodia,2020,102002481,13536840,88465641
Cambodia,2021,96709020,22447940,74261080
Cambodia,2022,249423339,27851272,221572067
Cambodia,2023,133530167,8321022,125209145
Cambodia,2024,333638919,183151419,150487500
Cameroon,1970,1787614423,179274318,1608340105
Cameroon,1991,6512700,6000000,512700
Cameroon,1992,6000000,3000000,3000000
Cameroon,1993,12390000,5960000,6430000
Cameroon,1994,0,0,0
Cameroon,1995,2000000,2000000,0
Cameroon,1996,6776000,3241000,3535000
Cameroon,1997,20192000,4342000,15850000
Cameroon,1998,14204000,7087000,7117000
Cameroon,2000,3090978,1000000,2090978
Cameroon,2001,1240000,700000,540000
Cameroon,2002,9491400,5010300,4481100
Cameroon,2003,19627900,10299000,9328900
Cameroon,2004,109221991,34712699,74509292
Cameroon,2005,3404000,1937000,1467000
Cameroon,2006,269270450,26117500,243152950
Cameroon,2007,95864109,17787293,78076816
Cameroon,2009,89711963,45211963,44500000
Cameroon,2010,2179350,1177300,1002050
Cameroon,2011,148091696,30229629,117862067
Cameroon,2012,24927095,6535750,18391345
Cameroon,2013,152851632,73851267,79000365
Cameroon,2014,211209128,17429754,193779374
Cameroon,2015,45251273,9055123,36196150
Cameroon,2016,78095171,9823331,68271840
Cameroon,2017,418461906,48032005,370429901
Cameroon,2018,1220598935,24689763,1195909172
Cameroon,2020,26980274,4892023,22088251
Cameroon,2021,92682461,17615757,75066704
Cameroon,2022,223733446,66407272,157326174
Cameroon,2023,100223239,73663614,26559625
Cameroon,2024,361597351,182055958,179541393
Central African Republic,1970,1110362452,177630941,932731511
Central African Republic,1996,164700,164700,0
Central African Republic,1997,23747000,6927000,16820000
Central African Republic,1999,13600,13600,0
Central African Republic,2000,271000,271000,0
Central African Republic,2002,479000,479000,0
Central African Republic,2003,19178026,9811126,9366900
Central African Republic,2004,2000000,1100000,900000
Central African Republic,2005,200000,200000,0
Central African Republic,2011,162279130,38311660,123967470
Central African Republic,2012,32371500,20958000,11413500
Central African Republic,2013,45150000,2970000,42180000
Central African Republic,2014,10962557,1762557,9200000
Central African Republic,2015,32262550,9508550,22754000
Central African Republic,2016,10002442,6557942,3444500
Central African Republic,2017,296949101,28026737,268922364
Central African Republic,2018,44619638,14816638,29803000
Central African Republic,2020,32540631,8893881,23646750
Central African Republic,2022,93730238,47773238,45957000
Central African Republic,2023,89626053,79181170,10444883
Central African Republic,2024,319926031,177937201,141988830
Chad,1970,1700346749,213741181,1486605568
Chad,1991,13000000,9500000,3500000
Chad,1996,4931160,2918160,2013000
Chad,1998,13970,13970,0
Chad,1999,100425,100425,0
Chad,2002,593000,593000,0
Chad,2003,22679611,12707126,9972485
Chad,2004,44638000,14100000,30538000
Chad,2005,105081100,8575000,96506100
Chad,2010,30184178,8425765,21758413
Chad,2011,22955653,9693950,13261703
Chad,2012,145624142,31295641,114328501
Chad,2014,47015241,9877557,37137684
Chad,2015,36642086,10654486,25987600
Chad,2016,10850442,2557942,8292500
Chad,2017,390339153,45370989,344968164
Chad,2018,1166053504,36707452,1129346052
Chad,2020,88143920,11487170,76656750
Chad,2022,29156099,12572149,16583950
Chad,2023,77001020,47122420,29878600
Chad,2024,70200053,44565879,25634174
Chile,1970,1088353884,114062098,974291786
Chile,1992,1700000,1700000,0
Chile,1994,4000000,4000000,0
Chile,1996,350000,350000,0
Chile,1997,1535000,695000,840000
Chile,1999,1048800,725000,323800
Chile,2000,1274070,998070,276000
Chile,2001,42502694,9642962,32859732
Chile,2002,14947000,8812000,6135000
Chile,2003,14230000,7180000,7050000
Chile,2005,12286977,4882916,7404061
Chile,2006,2384350,960750,1423600
Chile,2007,57356204,24042498,33313706
Chile,2008,56027362,8500000,47527362
Chile,2009,122951347,52981963,69969384
Chile,2010,105786150,12115301,93670849
Chile,2011,6773900,2880000,3893900
Chile,2012,49268146,7998873,41269273
Chile,2013,63863636,5863636,58000000
Chile,2014,57675032,9745359,47929673
Chile,2015,83137760,16359411,66778349
Chile,2016,26028379,4653882,21374497
Chile,2017,140104000,20411263,119692737
Chile,2018,122921510,14513981,108407529
Chile,2019,86261094,8046804,78214290
Chile,2020,44216050,5996749,38219301
Chile,2021,42274833,6046101,36228732
Chile,2022,176026966,34299264,141727702
Chile,2023,62465988,3950000,58515988
Chile,2024,144307471,48738606,95568865
Chile,2025,2969193,1998630,970563
China,1970,2698365439,641927166,2056438273
China,1991,90644623,44800000,45844623
China,1992,130593250,17000000,113593250
China,1993,11400000,8000000,3400000
China,1994,4000000,4000000,0
China,1995,24600000,18900000,5700000
China,1996,101377000,32812000,68565000
China,1997,19624400,5344400,14280000
China,1998,161518900,31645300,129873600
China,1999,546489500,74598200,471891300
China,2000,1275208000,33717000,1241491000
China,2001,77264780,36236950,41027830
China,2002,474182823,74704338,399478485
China,2003,136932870,21700000,115232870
China,2004,690006050,58951500,631054550
China,2005,429799474,104040240,325759234
China,2006,656441957,61724000,594717957
China,2007,558098507,57800484,500298023
China,2008,1546186032,69254460,1476931572
China,2009,604858577,119151600,485706977
China,2010,914143633,41461873,872681760
China,2011,421638917,34362363,387276554
China,2012,281739810,31814545,249925265
China,2013,1938649449,172423774,1766225675
China,2014,1368520889,95339092,1273181797
China,2015,270218343,43676038,226542305
China,2016,681602560,100101164,581501396
China,2017,3120102345,88533443,3031568902
China,2018,392853474,49799052,343054422
China,2019,145669327,16425665,129243662
China,2020,145753126,16391594,129361532
China,2021,1082525988,77902938,1004623050
China,2022,965649698,133875011,831774687
China,2023,319431193,17431193,302000000
China,2024,677584013,101840500,575743513
Colombia,1970,2022301506,266927436,1755374070
Colombia,1991,14355000,10500000,3855000
Colombia,1994,2000000,2000000,0
Colombia,1997,1788000,948000,840000
Colombia,1999,3307360,1070000,2237360
Colombia,2000,5560000,1700000,3860000
Colombia,2001,66086194,23633062,42453132
Colombia,2002,35849900,13694900,22155000
Colombia,2003,6791350,1847350,4944000
Colombia,2005,32233763,13206445,19027318
Colombia,2006,179476581,32400000,147076581
Colombia,2008,66599227,11008116,55591111
Colombia,2009,98236003,21889021,76346982
Colombia,2010,55806863,13625000,42181863
Colombia,2011,66663132,13751727,52911405
Colombia,2012,24775903,7525000,17250903
Colombia,2013,238549031,92234836,146314195
Colombia,2014,152564749,29516880,123047869
Colombia,2015,253279920,28110804,225169116
Colombia,2016,142203470,23942619,118260851
Colombia,2017,260194534,55349621,204844913
Colombia,2018,67507285,17808219,49699066
Colombia,2019,396052100,40178349,355873751
Colombia,2020,55711139,6131000,49580139
Colombia,2021,434195911,53175110,381020801
Colombia,2022,514246145,98918564,415327581
Colombia,2023,14276945,2821918,11455027
Colombia,2024,722238016,224211078,498026938
Comoros,1970,1303322913,187816046,1115506867
Comoros,1997,3168700,2573700,595000
Comoros,1998,4961000,3476000,1485000
Comoros,2000,1361087,737240,623847
Comoros,2003,939126,901126,38000
Comoros,2004,13162465,5360140,7802325
Comoros,2005,200000,200000,0
Comoros,2006,30670000,12200000,18470000
Comoros,2007,55510000,23000000,32510000
Comoros,2008,2872000,1000000,1872000
Comoros,2010,62178853,13440000,48738853
Comoros,2011,1833950,993950,840000
Comoros,2012,17211837,8948200,8263637
Comoros,2013,7278000,6180000,1098000
Comoros,2014,146343296,28936890,117406406
Comoros,2015,18401350,15782950,2618400
Comoros,2016,366225185,16316891,349908294
Comoros,2017,56067352,13825921,42241431
Comoros,2018,56583399,7887399,48696000
Comoros,2020,8658750,5877000,2781750
Comoros,2021,249784650,18469863,231314787
Comoros,2022,133316994,12462838,120854156
Comoros,2023,70248750,70248750,0
Comoros,2024,434633129,197943417,236689712
Congo,1970,1710430806,154201779,1556229027
Congo,1991,13800000,10000000,3800000
Congo,1997,20174860,4324860,15850000
Congo,1998,332950,332950,0
Congo,2002,806520,786520,20000
Congo,2003,200000,200000,0
Congo,2004,66583991,21712699,44871292
Congo,2006,44737600,10117500,34620100
Congo,2007,3890800,1000000,2890800
Congo,2010,5212726,2172726,3040000
Congo,2011,142647427,30311660,112335767
Congo,2012,22699700,15330000,7369700
Congo,2013,350000,170000,180000
Congo,2014,10962557,1762557,9200000
Congo,2015,11407770,4943550,6464220
Congo,2016,37780896,9545896,28235000
Congo,2017,151240842,23849461,127391381
Congo,2018,2317737,1981737,336000
Congo,2020,2533750,1287000,1246750
Congo,2021,48417055,6111055,42306000
Congo,2022,21566297,8942975,12623322
Congo,2023,38190000,38190000,0
Congo,2024,197621603,162621603,35000000
Congo DR,1970,2158124314,300464308,1857660006
Congo DR,1991,10000000,10000000,0
Congo DR,1994,2246700,2246700,0
Congo DR,1996,331560,331560,0
Congo DR,1997,20272000,4422000,15850000
Congo DR,1998,12710,12710,0
Congo DR,2002,105725,105725,0
Congo DR,2003,129685478,23228126,106457352
Congo DR,2004,64783991,20812699,43971292
Congo DR,2005,200000,200000,0
Congo DR,2007,573600,499800,73800
Congo DR,2008,135690000,20200000,115490000
Congo DR,2009,231505563,58794963,172710600
Congo DR,2010,38128067,10977125,27150942
Congo DR,2011,155451881,36338380,119113501
Congo DR,2012,19028000,9628000,9400000
Congo DR,2013,211988500,84687500,127301000
Congo DR,2014,112588908,27660708,84928200
Congo DR,2015,35256350,21137950,14118400
Congo DR,2016,117323800,26010454,91313346
Congo DR,2017,56309581,34677200,21632381
Congo DR,2018,18299267,5581737,12717530
Congo DR,2019,52208532,9255943,42952589
Congo DR,2020,31089209,6981749,24107460
Congo DR,2021,104772198,18638992,86133206
Congo DR,2022,365357856,88652572,276705284
Congo DR,2023,148398508,84847833,63550675
Congo DR,2024,485644061,196757024,288887037
Cook Islands,1970,550215668,92500554,457715114
Cook Islands,1991,14296000,10000000,4296000
Cook Islands,1996,4713000,2700000,2013000
Cook Islands,1997,2440000,2440000,0
Cook Islands,1998,204218,204218,0
Cook Islands,2000,21118383,13000000,8118383
Cook Islands,2002,1032000,901000,131000
Cook Islands,2004,225000,200000,25000
Cook Islands,2005,90038153,10946220,79091933
Cook Islands,2006,33208000,5225000,27983000
Cook Islands,2008,157708036,22441438,135266598
Cook Islands,2011,23485155,10026963,13458192
Cook Islands,2012,14907290,6105000,8802290
Cook Islands,2013,9592552,7501552,2091000
Cook Islands,2014,98338877,11220000,87118877
Cook Islands,2015,119672182,15515022,104157160
Cook Islands,2016,44167122,10846846,33320276
Cook Islands,2017,1860500,1270500,590000
Cook Islands,2022,251741527,40391363,211350164
Cook Islands,2023,121010804,53190000,67820804
Cook Islands,2024,82831797,47757018,35074779
Costa Rica,1970,3210224056,327461538,2882762518
Costa Rica,1991,14416975,12700000,1716975
Costa Rica,1992,31300000,3300000,28000000
Costa Rica,1994,4000000,4000000,0
Costa Rica,1996,792900,662900,130000
Costa Rica,1997,1535000,695000,840000
Costa Rica,1998,11000000,7000000,4000000
Costa Rica,1999,25833360,12799999,13033361
Costa Rica,2000,54281810,11646820,42634990
Costa Rica,2001,35781000,7635000,28146000
Costa Rica,2002,38564615,16293215,22271400
Costa Rica,2003,19008553,9315000,9693553
Costa Rica,2004,51263354,10432530,40830824
Costa Rica,2005,19059000,6470000,12589000
Costa Rica,2006,127805000,20225000,107580000
Costa Rica,2007,207058437,38155498,168902939
Costa Rica,2008,92026898,15376116,76650782
Costa Rica,2009,89711963,45211963,44500000
Costa Rica,2010,284996508,23718873,261277635
Costa Rica,2011,29898841,6460175,23438666
Costa Rica,2012,6031520,3050000,2981520
Costa Rica,2013,25689959,5718079,19971880
Costa Rica,2014,36613823,6667696,29946127
Costa Rica,2015,176597426,20366190,156231236
Costa Rica,2016,85567582,14723935,70843647
Costa Rica,2017,133487594,20900830,112586764
Costa Rica,2018,38901364,9681050,29220314
Costa Rica,2019,164977141,14943938,150033203
Costa Rica,2020,7971945,2581945,5390000
Costa Rica,2021,156128136,20129775,135998361
Costa Rica,2022,315252076,35103936,280148140
Costa Rica,2023,47486533,7950000,39536533
Costa Rica,2024,605722810,190217151,415505659
Costa Rica,2025,1233000,1233000,0
Cote d'Ivoire,1970,1171121023,505157199,665963824
Cote d'Ivoire,1991,6512700,6000000,512700
Cote d'Ivoire,1992,3000000,3000000,0
Cote d'Ivoire,1994,5758188,3500000,2258188
Cote d'Ivoire,1995,13190000,7000000,6190000
Cote d'Ivoire,1997,237600,237600,0
Cote d'Ivoire,1998,6232800,2527800,3705000
Cote d'Ivoire,2000,1725000,750000,975000
Cote d'Ivoire,2001,491676,476976,14700
Cote d'Ivoire,2002,14222646,5222646,9000000
Cote d'Ivoire,2003,3299585,2694000,605585
Cote d'Ivoire,2004,113524991,36212699,77312292
Cote d'Ivoire,2006,27815413,9354504,18460909
Cote d'Ivoire,2007,56963437,26335498,30627939
Cote d'Ivoire,2009,105240963,47751963,57489000
Cote d'Ivoire,2010,14528341,4889399,9638942
Cote d'Ivoire,2011,7066746,2785000,4281746
Cote d'Ivoire,2012,16511961,5436782,11075179
Cote d'Ivoire,2013,205842557,79840086,126002471
Cote d'Ivoire,2014,1000000,1000000,0
Cote d'Ivoire,2015,134152840,20353240,113799600
Cote d'Ivoire,2016,128510207,13316978,115193229
Cote d'Ivoire,2017,129957748,21841327,108116421
Cote d'Ivoire,2018,1092156424,16269979,1075886445
Cote d'Ivoire,2019,101171294,16699090,84472204
Cote d'Ivoire,2020,3033750,1787000,1246750
Cote d'Ivoire,2021,85426790,13770803,71655987
Cote d'Ivoire,2022,176054974,54932338,121122636
Cote d'Ivoire,2023,136902985,82113785,54789200
Cote d'Ivoire,2024,330113939,171489033,158624906
Cote d'Ivoire,2025,62016207,5916207,56100000
Croatia,1970,1750000,1750000,0
Croatia,1991,43500000,8500000,35000000
Croatia,1997,13802000,4002000,9800000
Croatia,1998,2195600,1095600,1100000
Croatia,2000,14385000,7050000,7335000
Croatia,2001,12072100,5472100,6600000
Croatia,2002,8370000,5070000,3300000
Croatia,2003,40099000,7299000,32800000
Croatia,2004,38168000,16630000,21538000
Croatia,2005,8500000,5500000,3000000
Croatia,2006,31322000,6988000,24334000
Croatia,2007,89294939,11593000,77701939
Croatia,2008,272317862,28742816,243575046
Croatia,2010,5563570,2160000,3403570
Croatia,2012,292960,220000,72960
Croatia,2013,52932116,11723000,41209116
Croatia,2021,20195000,5145000,15050000
Cuba,1970,822684851,171612931,651071920
Cuba,1991,5477375,2000000,3477375
Cuba,1992,5801000,5000000,801000
Cuba,1996,4919280,2906280,2013000
Cuba,1998,2897500,2897500,0
Cuba,1999,19929000,3889000,16040000
Cuba,2000,7703000,750000,6953000
Cuba,2001,41974724,13613724,28361000
Cuba,2002,20560257,11089715,9470542
Cuba,2003,13514700,2496700,11018000
Cuba,2004,21637050,3726000,17911050
Cuba,2005,128093184,19119691,108973493
Cuba,2006,248000,200000,48000
Cuba,2007,13647498,13647498,0
Cuba,2008,60421136,8419498,52001638
Cuba,2009,109526870,50921963,58604907
Cuba,2010,1918643,900091,1018552
Cuba,2011,16820348,5868182,10952166
Cuba,2012,86332173,42416547,43915626
Cuba,2014,65818574,7481944,58336630
Cuba,2015,138415273,25904595,112510678
Cuba,2016,250000,250000,0
Cuba,2017,51257466,8523557,42733909
Cuba,2018,140948186,36089186,104859000
Cuba,2019,164977141,14943938,150033203
Cuba,2020,4198632,2497742,1700890
Cuba,2021,47446991,10000000,37446991
Cuba,2022,289477494,73695078,215782416
Cuba,2023,1233000,1233000,0
Cuba,2024,247722770,171501791,76220979
Czech Republic,1970,1750000,1750000,0
Czech Republic,1991,46250000,10500000,35750000
Czech Republic,1992,2300000,2300000,0
Czech Republic,1997,13801000,4001000,9800000
Czech Republic,1998,30311000,6998000,23313000
Czech Republic,1999,700000,663000,37000
Czech Republic,2001,14755733,6390733,8365000
Czech Republic,2002,32100000,11250000,20850000
Czech Republic,2003,73130000,8970000,64160000
Czech Republic,2004,28524000,13415000,15109000
Czech Republic,2005,54445255,9458600,44986655
Djibouti,1970,991568627,127176320,864392307
Djibouti,1997,715830,558260,157570
Djibouti,1998,36960000,19310000,17650000
Djibouti,2002,376500,376500,0
Djibouti,2003,449126,411126,38000
Djibouti,2005,200000,200000,0
Djibouti,2008,12376416,3960014,8416402
Djibouti,2009,2000000,980000,1020000
Djibouti,2010,19003341,6959399,12043942
Djibouti,2011,26125234,6953450,19171784
Djibouti,2012,45681500,21128000,24553500
Djibouti,2013,31226364,6036364,25190000
Djibouti,2014,55539452,12739452,42800000
Djibouti,2015,2793550,1568550,1225000
Djibouti,2016,39129278,5077778,34051500
Djibouti,2017,34975966,20839700,14136266
Djibouti,2018,26396374,10032374,16364000
Djibouti,2019,7663242,863242,6800000
Djibouti,2020,18286204,4502068,13784136
Djibouti,2021,18911347,3071347,15840000
Djibouti,2022,31608271,14495771,17112500
Djibouti,2023,109059770,79181170,29878600
Djibouti,2024,327224778,186966778,140258000
Dominica,1970,762078949,177684067,584394882
Dominica,1992,50500000,12500000,38000000
Dominica,1997,8131500,7291500,840000
Dominica,1998,175850,175850,0
Dominica,2002,198570,198570,0
Dominica,2003,9400000,5100000,4300000
Dominica,2004,29407050,7626000,21781050
Dominica,2005,112311184,14041691,98269493
Dominica,2006,5470000,2100000,3370000
Dominica,2008,54599227,7008116,47591111
Dominica,2011,12870075,5972493,6897582
Dominica,2012,13448000,6798000,6650000
Dominica,2013,8491000,7210000,1281000
Dominica,2014,2306986,1936986,370000
Dominica,2015,204772990,34132156,170640834
Dominica,2016,53668484,7186484,46482000
Dominica,2017,22992500,8401500,14591000
Dominica,2018,36903640,13716164,23187476
Dominica,2019,7643184,3443184,4200000
Dominica,2020,2475390,1424500,1050890
Dominica,2021,56191491,18007500,38183991
Dominica,2022,23553303,7260273,16293030
Dominica,2023,38190000,38190000,0
Dominica,2024,198605583,163605583,35000000
Dominican Republic,1970,963309785,177885143,785424642
Dominican Republic,1992,3000000,3000000,0
Dominican Republic,1997,1535000,695000,840000
Dominican Republic,1998,230000,230000,0
Dominican Republic,1999,1075000,1075000,0
Dominican Republic,2001,3482194,1723062,1759132
Dominican Republic,2003,2047150,1074200,972950
Dominican Republic,2004,0,0,0
Dominican Republic,2005,141949568,18217386,123732182
Dominican Republic,2006,670250,650000,20250
Dominican Republic,2007,13647498,13647498,0
Dominican Republic,2008,54599227,7008116,47591111
Dominican Republic,2009,118207357,54525990,63681367
Dominican Republic,2011,1802166,850000,952166
Dominican Republic,2012,17211837,8948200,8263637
Dominican Republic,2013,157537267,74151267,83386000
Dominican Republic,2014,1665594,730594,935000
Dominican Republic,2015,291938527,42485053,249453474
Dominican Republic,2017,41650321,21083000,20567321
Dominican Republic,2018,74219270,11698485,62520785
Dominican Republic,2019,164977141,14943938,150033203
Dominican Republic,2020,3935390,2524500,1410890
Dominican Republic,2021,172667026,27025166,145641860
Dominican Republic,2022,281383235,69239589,212143646
Dominican Republic,2023,70248750,70248750,0
Dominican Republic,2024,250747738,167184080,83563658
Ecuador,1970,3382068183,450302985,2931765198
Ecuador,1991,5355000,4500000,855000
Ecuador,1992,8700000,7200000,1500000
Ecuador,1994,0,0,0
Ecuador,1996,7983000,5700000,2283000
Ecuador,1997,1535000,695000,840000
Ecuador,1998,289300,289300,0
Ecuador,1999,2720438,1879738,840700
Ecuador,2000,7815429,2424663,5390766
Ecuador,2001,87132000,21420000,65712000
Ecuador,2002,64091944,19398200,44693744
Ecuador,2003,200000,200000,0
Ecuador,2005,21023278,9209122,11814156
Ecuador,2006,30816135,3239666,27576469
Ecuador,2007,44722929,22746646,21976283
Ecuador,2008,52357432,10940000,41417432
Ecuador,2009,157621812,59470984,98150828
Ecuador,2010,46520088,12840818,33679270
Ecuador,2011,45411614,12733145,32678469
Ecuador,2012,4811664,1456342,3355322
Ecuador,2013,44970945,9127562,35843383
Ecuador,2014,191213053,30559635,160653418
Ecuador,2015,49900886,8649158,41251728
Ecuador,2016,124580022,15816285,108763737
Ecuador,2017,303128992,48425974,254703018
Ecuador,2018,23594646,4899646,18695000
Ecuador,2019,161954772,14414264,147540508
Ecuador,2020,52055510,5274500,46781010
Ecuador,2021,296569435,37348437,259220998
Ecuador,2022,224384398,28856607,195527791
Ecuador,2023,85672168,38756854,46915314
Ecuador,2024,499589366,200270544,299318822
Ecuador,2025,76320988,10308562,66012426
Egypt,1970,1321017723,155667116,1165350607
Egypt,1992,22661000,14250000,8411000
Egypt,1994,4000000,4000000,0
Egypt,1996,805000,690000,115000
Egypt,1998,47552000,28118000,19434000
Egypt,1999,44508130,14771800,29736330
Egypt,2000,12033000,6108000,5925000
Egypt,2001,11957998,5647000,6310998
Egypt,2002,496500,496500,0
Egypt,2003,110848000,17148000,93700000
Egypt,2005,7926100,975000,6951100
Egypt,2006,2297100,908100,1389000
Egypt,2007,414403237,71040498,343362739
Egypt,2008,204162616,34876014,169286602
Egypt,2009,144217293,58579233,85638060
Egypt,2010,692590492,15216000,677374492
Egypt,2011,35471000,6950000,28521000
Egypt,2012,147903810,55028910,92874900
Egypt,2013,41980000,6440000,35540000
Egypt,2014,302644564,41796364,260848200
Egypt,2015,100312488,11754888,88557600
Egypt,2016,177166702,17843241,159323461
Egypt,2017,38180188,11400482,26779706
Egypt,2018,64033491,11587491,52446000
Egypt,2019,113559871,12250000,101309871
Egypt,2020,780776028,30037000,750739028
Egypt,2021,7533119,2096119,5437000
Egypt,2022,96060501,12020501,84040000
Egypt,2023,157579635,10269635,147310000
Egypt,2024,280506614,173019603,107487011
El Salvador,1970,297222093,83468931,213753162
El Salvador,1997,2052900,1212900,840000
El Salvador,1998,3810000,725000,3085000
El Salvador,1999,23838430,11325000,12513430
El Salvador,2000,100000,100000,0
El Salvador,2001,11232194,7735062,3497132
El Salvador,2002,14667615,4016215,10651400
El Salvador,2003,13884000,7165000,6719000
El Salvador,2004,49070000,9185000,39885000
El Salvador,2005,22645000,7180000,15465000
El Salvador,2006,169242381,26155800,143086581
El Salvador,2007,89095000,6920000,82175000
El Salvador,2010,15136360,4229545,10906815
El Salvador,2012,425180,220000,205180
El Salvador,2013,148617267,72851267,75766000
El Salvador,2014,11035270,3418370,7616900
El Salvador,2015,18051688,4257971,13793717
El Salvador,2016,35734000,6000000,29734000
El Salvador,2017,84454812,11663500,72791312
El Salvador,2018,2353735,1981735,372000
El Salvador,2019,37022452,2420548,34601904
El Salvador,2020,3978942,1685159,2293783
El Salvador,2021,159565971,16600405,142965566
El Salvador,2022,3872149,3872149,0
El Salvador,2023,152557300,44423000,108134300
El Salvador,2024,196786603,161786603,35000000
El Salvador,2025,12011943,3146943,8865000
Equatorial Guinea,1970,506836220,65917797,440918423
Equatorial Guinea,1996,296000,296000,0
Equatorial Guinea,1997,19927000,4077000,15850000
Equatorial Guinea,2003,249126,211126,38000
Equatorial Guinea,2004,66583991,21712699,44871292
Equatorial Guinea,2010,6700982,1768182,4932800
Equatorial Guinea,2011,128638566,25072499,103566067
Equatorial Guinea,2012,19448000,9828000,9620000
Equatorial Guinea,2014,10962557,1762557,9200000
Equatorial Guinea,2015,59310768,17917368,41393400
Equatorial Guinea,2017,2417100,1963500,453600
Equatorial Guinea,2018,2317737,1981737,336000
Equatorial Guinea,2020,1400138,863242,536896
Equatorial Guinea,2021,56075175,10684042,45391133
Equatorial Guinea,2022,3872149,3872149,0
Equatorial Guinea,2023,38190000,38190000,0
Equatorial Guinea,2024,85155901,43574451,41581450
Equatorial Guinea,2025,38131301,4131301,34000000
Eritrea,1970,177333308,71613001,105720307
Eritrea,1996,578850,578850,0
Eritrea,1997,5826000,4986000,840000
Eritrea,2002,603000,568000,35000
Eritrea,2003,110500000,16800000,93700000
Eritrea,2004,7919327,3544161,4375166
Eritrea,2007,381500,346500,35000
Eritrea,2008,6427246,3460296,2966950
Eritrea,2009,31738880,7010000,24728880
Eritrea,2011,7193103,3143950,4049153
Eritrea,2012,81011652,5750000,75261652
Eritrea,2013,7924000,6570000,1354000
Eritrea,2014,18308000,7678000,10630000
Eritrea,2015,18401350,15782950,2618400
Eritrea,2016,37250000,9750000,27500000
Eritrea,2017,52482945,22801000,29681945
Eritrea,2018,43033344,16452344,26581000
Eritrea,2020,2533750,1287000,1246750
Eritrea,2021,5746000,4200000,1546000
Eritrea,2022,145852869,63490080,82362789
Eritrea,2023,38811020,8932420,29878600
Eritrea,2024,202721603,167721603,35000000
Estonia,1994,2000000,2000000,0
Estonia,1995,2000000,2000000,0
Estonia,1996,3436000,3166000,270000
Estonia,1999,700000,663000,37000
Estonia,2000,1180283,1135283,45000
Estonia,2002,37074700,12449700,24625000
Estonia,2003,75870000,12250000,63620000
Estonia,2005,12195229,6000000,6195229
Estonia,2006,953000,669000,284000
Eswatini,1970,1704981156,131145612,1573835544
Eswatini,1996,169560,169560,0
Eswatini,1997,9565850,5028850,4537000
Eswatini,2000,8904000,4514000,4390000
Eswatini,2001,307000,207000,100000
Eswatini,2003,1955100,1155100,800000
Eswatini,2004,2185541,974825,1210716
Eswatini,2007,66834515,5248165,61586350
Eswatini,2008,430000,356000,74000
Eswatini,2009,10643900,1972820,8671080
Eswatini,2011,8583331,3993950,4589381
Eswatini,2012,25325400,15188000,10137400
Eswatini,2014,92523650,18102150,74421500
Eswatini,2015,3454550,2168550,1286000
Eswatini,2016,388261836,35086009,353175827
Eswatini,2017,20954516,17339700,3614816
Eswatini,2018,2302480,1940480,362000
Eswatini,2019,1270000,1000000,270000
Eswatini,2020,2533750,1287000,1246750
Eswatini,2021,20287470,863242,19424228
Eswatini,2022,193332982,52375982,140957000
Eswatini,2023,105926100,74165700,31760400
Eswatini,2024,36435000,36435000,0
Eswatini,2025,71142249,7105936,64036313
Ethiopia,1970,795848072,469269454,326578618
Ethiopia,1992,2456300,2456300,0
Ethiopia,1997,213210,213210,0
Ethiopia,1998,11447000,4330000,7117000
Ethiopia,1999,5417930,2133930,3284000
Ethiopia,2001,14071250,9159000,4912250
Ethiopia,2002,596000,596000,0
Ethiopia,2003,110830000,17130000,93700000
Ethiopia,2004,3033230,1593600,1439630
Ethiopia,2005,26503980,9930000,16573980
Ethiopia,2006,2861667,995000,1866667
Ethiopia,2007,84372813,19895663,64477150
Ethiopia,2008,154396246,28160296,126235950
Ethiopia,2009,151551713,58795963,92755750
Ethiopia,2010,27535600,7628600,19907000
Ethiopia,2011,42453539,11301835,31151704
Ethiopia,2012,183652409,56586565,127065844
Ethiopia,2013,150089255,18862963,131226292
Ethiopia,2014,19525669,6947726,12577943
Ethiopia,2015,103197685,10676786,92520899
Ethiopia,2016,306433519,16217123,290216396
Ethiopia,2017,313125623,41204445,271921178
Ethiopia,2018,51339351,22755351,28584000
Ethiopia,2019,55039802,8678557,46361245
Ethiopia,2020,24944823,11713073,13231750
Ethiopia,2021,326618168,32165448,294452720
Ethiopia,2022,487390424,86049672,401340752
Ethiopia,2023,87389971,49756371,37633600
Ethiopia,2024,281341614,173854603,107487011
Europe and Central Asia,2006,1143200,637200,506000
Europe and Central Asia,2013,87919091,10909091,77010000
Fiji,1970,701876743,152664032,549212711
Fiji,1991,14296000,10000000,4296000
Fiji,1996,4713000,2700000,2013000
Fiji,1997,2637925,2637925,0
Fiji,1998,11150,11150,0
Fiji,1999,1410000,740000,670000
Fiji,2000,21118383,13000000,8118383
Fiji,2001,430000,384000,46000
Fiji,2002,811000,700000,111000
Fiji,2004,280500,237500,43000
Fiji,2005,92213153,12121220,80091933
Fiji,2006,33208000,5225000,27983000
Fiji,2007,72112629,23127498,48985131
Fiji,2008,158285286,22667688,135617598
Fiji,2009,110175522,49711963,60463559
Fiji,2010,36967183,13118183,23849000
Fiji,2011,35599643,7258750,28340893
Fiji,2012,9767290,3495000,6272290
Fiji,2013,160791045,81031267,79759778
Fiji,2014,110310831,14788350,95522481
Fiji,2015,155537090,35018518,120518572
Fiji,2016,13792468,6082192,7710276
Fiji,2017,34769303,6203468,28565835
Fiji,2018,8955000,6210000,2745000
Fiji,2020,32996640,2119425,30877215
Fiji,2021,16395875,3713585,12682290
Fiji,2022,339319687,50626886,288692801
Fiji,2023,144031043,53058750,90972293
Fiji,2024,216023578,164409103,51614475
Gabon,1970,1485126938,143464929,1341662009
Gabon,1991,1063882,1000000,63882
Gabon,1997,20159200,4309200,15850000
Gabon,1998,332200,332200,0
Gabon,2002,522500,522500,0
Gabon,2003,3299585,2694000,605585
Gabon,2004,66583991,21712699,44871292
Gabon,2006,71637600,20317500,51320100
Gabon,2011,145930517,31390750,114539767
Gabon,2012,5580000,2830000,2750000
Gabon,2014,56659824,10233557,46426267
Gabon,2015,6676550,5020550,1656000
Gabon,2016,62900246,10143246,52757000
Gabon,2017,38557881,14893500,23664381
Gabon,2018,2317737,1981737,336000
Gabon,2020,2533750,1287000,1246750
Gabon,2021,16953401,2000000,14953401
Gabon,2022,138331751,54339751,83992000
Gabon,2023,32058750,32058750,0
Gabon,2024,198986099,163986099,35000000
Gambia,1970,346641052,102099551,244541501
Gambia,1991,6416975,4700000,1716975
Gambia,1996,243000,243000,0
Gambia,1997,137900,137900,0
Gambia,1998,13950,13950,0
Gambia,2001,2002104,1153104,849000
Gambia,2002,744620,696950,47670
Gambia,2003,3497685,2892100,605585
Gambia,2004,1800000,900000,900000
Gambia,2005,12195229,6000000,6195229
Gambia,2007,88460569,18688200,69772369
Gambia,2008,44661000,11493000,33168000
Gambia,2009,25895000,8090000,17805000
Gambia,2010,36738713,8881366,27857347
Gambia,2011,11573170,4412140,7161030
Gambia,2012,19028000,9628000,9400000
Gambia,2013,200047267,82246267,117801000
Gambia,2014,64340869,16363242,47977627
Gambia,2015,28911592,18426895,10484697
Gambia,2016,311556311,18904703,292651608
Gambia,2017,40326921,20731000,19595921
Gambia,2018,20095671,5377658,14718013
Gambia,2019,8426000,1826000,6600000
Gambia,2020,28175695,6931685,21244010
Gambia,2021,41591828,20257266,21334562
Gambia,2022,402093176,76893240,325199936
Gambia,2023,121728750,73398750,48330000
Gambia,2024,197621603,162621603,35000000
Georgia,1970,165523719,73103412,92420307
Georgia,1992,9300000,9300000,0
Georgia,1994,2000000,2000000,0
Georgia,1996,445000,445000,0
Georgia,1997,1920000,1790000,130000
Georgia,1998,8331250,1993750,6337500
Georgia,1999,853200,725000,128200
Georgia,2000,12520000,2600000,9920000
Georgia,2001,37695000,12700000,24995000
Georgia,2002,236000,198000,38000
Georgia,2003,467400,396700,70700
Georgia,2004,27641314,11262408,16378906
Georgia,2007,282186,272186,10000
Georgia,2008,4771212,1974816,2796396
Georgia,2009,29043263,3585000,25458263
Georgia,2010,11216000,3050000,8166000
Georgia,2011,8521080,1925000,6596080
Georgia,2012,363364,136364,227000
Georgia,2013,26464203,3545455,22918748
Georgia,2014,616000,552000,64000
Georgia,2015,80095403,12695465,67399938
Georgia,2016,376193374,22104936,354088438
Georgia,2017,61525500,5180500,56345000
Georgia,2018,57401625,24387109,33014516
Georgia,2019,6884944,1972604,4912340
Georgia,2020,14021484,1776484,12245000
Georgia,2021,8744500,8007500,737000
Georgia,2022,87497445,14396252,73101193
Georgia,2023,161409867,9392694,152017173
Georgia,2024,226049573,166174573,59875000
Ghana,1970,147644426,511737947,-364093521
Ghana,1991,14812700,13200000,1612700
Ghana,1992,7801000,7000000,801000
Ghana,1994,4000000,4000000,0
Ghana,1997,94760,94760,0
Ghana,1998,88660900,22420300,66240600
Ghana,2000,2343000,1270000,1073000
Ghana,2001,12907000,8559000,4348000
Ghana,2002,27800000,7600000,20200000
Ghana,2003,4976585,3742000,1234585
Ghana,2004,68342014,22657699,45684315
Ghana,2005,11173980,5000000,6173980
Ghana,2006,16369611,5347380,11022231
Ghana,2007,288200955,46376200,241824755
Ghana,2008,34244183,11661382,22582801
Ghana,2009,3053991,1495391,1558600
Ghana,2010,200851328,9868182,190983146
Ghana,2011,77483811,10811677,66672134
Ghana,2012,21391364,7045364,14346000
Ghana,2013,149004267,73203267,75801000
Ghana,2014,132252710,26376346,105876364
Ghana,2015,45933550,8568550,37365000
Ghana,2016,36476082,14320832,22155250
Ghana,2017,2417100,1963500,453600
Ghana,2018,4595237,3081737,1513500
Ghana,2019,8163040,7383040,780000
Ghana,2020,61849346,10002596,51846750
Ghana,2021,232032549,20608881,211423668
Ghana,2022,237700864,30216857,207484007
Ghana,2023,88748750,73248750,15500000
Ghana,2024,204296603,169296603,35000000
Global,1970,9080647254,1296339223,7784308031
Global,1991,20874975,17083000,3791975
Global,1992,18894720,12093720,6801000
Global,1993,6750000,5900000,850000
Global,1994,14000000,14000000,0
Global,1995,16940000,16940000,0
Global,1996,38459000,32641000,5818000
Global,1997,52500000,16500000,36000000
Global,1998,143446550,42940500,100506050
Global,1999,144048600,56998600,87050000
Global,2000,173520390,63628300,109892090
Global,2001,139379892,74362960,65016932
Global,2002,119769411,54921659,64847752
Global,2003,31479064,14305064,17174000
Global,2004,268755595,139357329,129398266
Global,2005,179988680,88341399,91647281
Global,2006,209444904,95422226,114022678
Global,2007,547491479,194756361,352735118
Global,2008,241793241,67584846,174208395
Global,2009,489812792,107013472,382799320
Global,2010,296769460,90127182,206642278
Global,2011,443545265,179512599,264032666
Global,2012,178309828,78203110,100106718
Global,2013,479412428,138862811,340549617
Global,2014,481074779,85093593,395981186
Global,2015,433104060,132446489,300657571
Global,2016,606953945,91725007,515228938
Global,2017,725103384,183805258,541298126
Global,2018,257275633,73198457,184077176
Global,2019,114491414,28432072,86059342
Global,2020,291090645,129914941,161175704
Global,2021,1164209520,104234238,1059975282
Global,2022,1374407663,256337046,1118070617
Global,2023,739435239,142398557,597036682
Global,2024,1612488509,357780899,1254707610
Grenada,1970,1057565302,171390489,886174813
Grenada,1992,50500000,12500000,38000000
Grenada,1997,8035000,7195000,840000
Grenada,1998,317890,317890,0
Grenada,1999,117744,117744,0
Grenada,2000,1127580,723000,404580
Grenada,2001,1957194,998062,959132
Grenada,2002,346000,306000,40000
Grenada,2003,9300000,5000000,4300000
Grenada,2004,29407050,7626000,21781050
Grenada,2005,112052184,13782691,98269493
Grenada,2008,54599227,7008116,47591111
Grenada,2011,31742075,14722493,17019582
Grenada,2012,31512500,14487000,17025500
Grenada,2013,157108267,80061267,77047000
Grenada,2014,18458488,3031666,15426822
Grenada,2015,295655362,39215219,256440143
Grenada,2016,43002000,5460000,37542000
Grenada,2017,22992500,8401500,14591000
Grenada,2018,12758157,5729680,7028477
Grenada,2019,186781616,20470413,166311203
Grenada,2020,2475390,1424500,1050890
Grenada,2021,33953021,8155205,25797816
Grenada,2022,147126482,54860689,92265793
Grenada,2023,45508326,40829726,4678600
Grenada,2024,198605583,163605583,35000000
Guatemala,1970,-1504867461,393783989,-1898651450
Guatemala,1996,10700000,4000000,6700000
Guatemala,1997,2075700,1235700,840000
Guatemala,1999,26257198,12430631,13826567
Guatemala,2001,33320000,17612000,15708000
Guatemala,2002,6641815,4236415,2405400
Guatemala,2003,16334000,8359500,7974500
Guatemala,2004,49085000,9200000,39885000
Guatemala,2005,11300000,4800000,6500000
Guatemala,2006,171195931,26685750,144510181
Guatemala,2007,198605219,28083140,170522079
Guatemala,2008,69589227,10668116,58921111
Guatemala,2009,89711963,45211963,44500000
Guatemala,2010,273002999,20616364,252386635
Guatemala,2012,3317306,1295455,2021851
Guatemala,2013,42023050,10850050,31173000
Guatemala,2014,470000,225000,245000
Guatemala,2015,169370035,16566190,152803845
Guatemala,2016,4348563,1569863,2778700
Guatemala,2017,204297569,33446346,170851223
Guatemala,2018,45652498,9137671,36514827
Guatemala,2019,164977141,14943938,150033203
Guatemala,2020,6454332,3109659,3344673
Guatemala,2021,197640833,24610011,173030822
Guatemala,2022,324211134,47859632,276351502
Guatemala,2024,328076993,184462418,143614575
Guinea,1970,-991895704,469244457,-1461140161
Guinea,1992,5801000,5000000,801000
Guinea,1997,582070,582070,0
Guinea,1998,11941900,6918300,5023600
Guinea,2001,17000000,2000000,15000000
Guinea,2002,9115000,6145000,2970000
Guinea,2003,24948711,10355126,14593585
Guinea,2004,44438000,13900000,30538000
Guinea,2005,11761900,3935000,7826900
Guinea,2006,64930000,12000000,52930000
Guinea,2007,60286036,14500000,45786036
Guinea,2008,52563490,15105330,37458160
Guinea,2009,25895000,8090000,17805000
Guinea,2010,180383341,7859399,172523942
Guinea,2011,22955653,9693950,13261703
Guinea,2012,21273561,15319791,5953770
Guinea,2013,266633631,92747631,173886000
Guinea,2014,1150000,525000,625000
Guinea,2015,32824856,19030656,13794200
Guinea,2016,317277006,25336364,291940642
Guinea,2017,77973221,15408300,62564921
Guinea,2018,1096148182,21616737,1074531445
Guinea,2019,46473300,6826000,39647300
Guinea,2020,68294274,8347274,59947000
Guinea,2021,8744500,8007500,737000
Guinea,2022,369421820,48785780,320636040
Guinea,2023,62490000,44490000,18000000
Guinea,2024,219104230,167823284,51280946
Guinea-Bissau,1970,1040353280,188550620,851802660
Guinea-Bissau,1997,541080,541080,0
Guinea-Bissau,2001,254500,254500,0
Guinea-Bissau,2003,249126,211126,38000
Guinea-Bissau,2004,78344791,27163499,51181292
Guinea-Bissau,2007,13029517,3300000,9729517
Guinea-Bissau,2008,44250000,11200000,33050000
Guinea-Bissau,2009,25895000,8090000,17805000
Guinea-Bissau,2010,47097160,10789399,36307761
Guinea-Bissau,2011,31055653,11693950,19361703
Guinea-Bissau,2012,30555337,20278200,10277137
Guinea-Bissau,2013,410000,175000,235000
Guinea-Bissau,2014,44781033,9185160,35595873
Guinea-Bissau,2015,45138317,21800619,23337698
Guinea-Bissau,2017,4958421,3393500,1564921
Guinea-Bissau,2018,49187261,6230041,42957220
Guinea-Bissau,2019,79055172,13826000,65229172
Guinea-Bissau,2020,37181932,18900182,18281750
Guinea-Bissau,2022,105539873,52582873,52957000
Guinea-Bissau,2023,204855950,90698750,114157200
Guinea-Bissau,2024,268468687,177625450,90843237
Guyana,1970,1384622273,234913648,1149708625
Guyana,1991,9135000,7500000,1635000
Guyana,1997,8314300,7474300,840000
Guyana,1999,117744,117744,0
Guyana,2001,1957194,998062,959132
Guyana,2003,9300000,5000000,4300000
Guyana,2004,22342050,3926000,18416050
Guyana,2007,20000000,3800000,16200000
Guyana,2008,54924227,7280116,47644111
Guyana,2009,51840090,7000000,44840090
Guyana,2010,272112403,20370000,251742403
Guyana,2011,14672241,6822493,7849748
Guyana,2012,26791500,18128000,8663500
Guyana,2013,30101986,5136986,24965000
Guyana,2014,4542270,1003653,3538617
Guyana,2015,201000941,34250850,166750091
Guyana,2016,2326100,1050000,1276100
Guyana,2017,14774305,5169984,9604321
Guyana,2018,43515296,14976403,28538893
Guyana,2019,356028708,31973070,324055638
Guyana,2020,2475390,1424500,1050890
Guyana,2021,235826762,37412086,198414676
Guyana,2022,202975661,30676737,172298924
Guyana,2023,45256305,7105936,38150369
Guyana,2024,223524910,49061468,174463442
Haiti,1970,200902064,88805767,112096297
Haiti,1998,612000,612000,0
Haiti,2002,529520,473500,56020
Haiti,2003,447791,409791,38000
Haiti,2004,0,0,0
Haiti,2005,112052184,13782691,98269493
Haiti,2006,185000,185000,0
Haiti,2007,13647498,13647498,0
Haiti,2008,54599227,7008116,47591111
Haiti,2009,129535600,54355600,75180000
Haiti,2010,19255000,5475000,13780000
Haiti,2012,42612061,23005200,19606861
Haiti,2015,267030263,43563468,223466795
Haiti,2017,14618985,3327985,11291000
Haiti,2018,37518781,14401781,23117000
Haiti,2021,88894405,15662169,73232236
Haiti,2022,267875063,33189865,234685198
Haiti,2023,38190000,38190000,0
Haiti,2024,199535917,163372330,36163587
Haiti,2025,41112437,4739907,36372530
Honduras,1970,758003944,164037457,593966487
Honduras,1997,43360000,8020000,35340000
Honduras,1998,250000,250000,0
Honduras,1999,23838430,11325000,12513430
Honduras,2001,34845000,18337000,16508000
Honduras,2002,4667615,3016215,1651400
Honduras,2003,30184000,9665000,20519000
Honduras,2004,95906004,15016536,80889468
Honduras,2005,31940000,7150000,24790000
Honduras,2006,203171581,37725000,165446581
Honduras,2007,102742498,20567498,82175000
Honduras,2008,54599227,7008116,47591111
Honduras,2009,99160563,48075263,51085300
Honduras,2010,275830062,20829091,255000971
Honduras,2011,15233580,2650000,12583580
Honduras,2012,1063284,545784,517500
Honduras,2013,183170994,78933086,104237908
Honduras,2014,8566854,2152000,6414854
Honduras,2015,191400573,18794728,172605845
Honduras,2016,700000,700000,0
Honduras,2017,183843734,25941849,157901885
Honduras,2018,99089864,20597884,78491980
Honduras,2019,164977141,14943938,150033203
Honduras,2020,3675390,2474500,1200890
Honduras,2021,235784665,21811157,213973508
Honduras,2022,228373763,28301966,200071797
Honduras,2023,152557300,44423000,108134300
Honduras,2024,290619674,173635781,116983893
Hungary,1970,1750000,1750000,0
Hungary,1991,43500000,8500000,35000000
Hungary,1995,8393000,6900000,1493000
Hungary,1996,3270000,3000000,270000
Hungary,1997,38873320,9073320,29800000
Hungary,1998,2744000,2744000,0
Hungary,1999,700000,663000,37000
Hungary,2000,3982995,1740000,2242995
Hungary,2001,126284472,11339472,114945000
Hungary,2003,2445000,605000,1840000
Hungary,2004,25118000,12240000,12878000
Hungary,2005,68469458,20960900,47508558
Hungary,2006,31970000,12500000,19470000
Hungary,2008,3210000,1745000,1465000
India,1970,5556161948,806328108,4749833840
India,1991,477640000,43000000,434640000
India,1992,10000000,5500000,4500000
India,1996,74000000,20000000,54000000
India,1997,25000,25000,0
India,1998,178605200,46666200,131939000
India,2000,2109000,2000000,109000
India,2001,40075000,13595000,26480000
India,2002,14022646,5022646,9000000
India,2003,5045000,2175000,2870000
India,2004,31860000,6750000,25110000
India,2005,41125000,6625000,34500000
India,2006,20833002,7395724,13437278
India,2007,69390681,27538248,41852433
India,2008,83300820,29435904,53864916
India,2009,1181781447,166826374,1014955073
India,2010,70997654,13159091,57838563
India,2011,203154960,47870800,155284160
India,2012,11506000,5246000,6260000
India,2013,101716648,20650778,81065870
India,2014,262228798,23025031,239203767
India,2015,541131500,76894333,464237167
India,2016,952690452,30178702,922511750
India,2017,658137675,45903747,612233928
India,2018,901948716,33558716,868390000
India,2019,9285460,1137215,8148245
India,2020,2475390,1424500,1050890
India,2021,838303080,41624397,796678683
India,2022,730972727,54656887,676315840
India,2023,183579309,26187876,157391433
India,2024,295039353,177652656,117386697
Indonesia,1970,3665098684,781206810,2883891874
Indonesia,1991,19000000,14300000,4700000
Indonesia,1992,17400000,10200000,7200000
Indonesia,1993,15046700,10000000,5046700
Indonesia,1996,80015000,45261000,34754000
Indonesia,1997,228200,228200,0
Indonesia,1998,20350000,4850000,15500000
Indonesia,1999,29557385,16940985,12616400
Indonesia,2000,2137850,1270350,867500
Indonesia,2001,52669565,21779300,30890265
Indonesia,2002,45258151,17252151,28006000
Indonesia,2003,2008000,1199500,808500
Indonesia,2004,117185658,20095000,97090658
Indonesia,2006,241487802,20119124,221368678
Indonesia,2007,143719534,41321588,102397946
Indonesia,2008,118677069,34430238,84246831
Indonesia,2009,158622441,58526963,100095478
Indonesia,2010,47745220,9530196,38215024
Indonesia,2011,85045833,24109607,60936226
Indonesia,2012,134227438,47186838,87040600
Indonesia,2013,289940110,39000000,250940110
Indonesia,2014,391366401,35617072,355749329
Indonesia,2015,80174050,13879050,66295000
Indonesia,2016,472648075,62166213,410481862
Indonesia,2017,326289994,51243145,275046849
Indonesia,2018,61088484,14720000,46368484
Indonesia,2019,27267832,4895872,22371960
Indonesia,2020,150421690,18213781,132207909
Indonesia,2021,508077812,46386519,461691293
Indonesia,2022,786347251,81271984,705075267
Indonesia,2023,250039717,29327396,220712321
Indonesia,2024,118164418,43071233,75093185
Indonesia,2025,54489300,15685478,38803822
Iran,1992,4000000,2000000,2000000
Iran,1997,699995,699995,0
Iran,2000,20660536,8716536,11944000
Iran,2001,1836200,826200,1010000
Iran,2002,9550300,5045900,4504400
Iran,2003,25109370,10975000,14134370
Iran,2004,44533400,8941400,35592000
Iran,2005,12599500,4949500,7650000
Iran,2007,27389032,9687093,17701939
Iran,2008,15051078,5234830,9816248
Iran,2009,139322233,50579233,88743000
Iran,2010,20057000,4320000,15737000
Iran,2011,12607135,3417300,9189835
Iran,2012,142010125,52178365,89831760
Iran,2013,396986,136986,260000
Iraq,1970,51622146,5722146,45900000
Iraq,2011,818363,368363,450000
Iraq,2012,5580000,2830000,2750000
Iraq,2014,36452473,3427273,33025200
Iraq,2015,6774415,2329415,4445000
Iraq,2017,19906200,16709700,3196500
Iraq,2018,4047480,3075480,972000
Iraq,2019,24749321,3549321,21200000
Iraq,2020,2475390,1424500,1050890
Iraq,2021,30402009,3092009,27310000
Iraq,2022,33910277,8410277,25500000
Iraq,2023,70248750,70248750,0
Iraq,2024,143087495,49087495,94000000
Jamaica,1970,950630543,105399437,845231106
Jamaica,1993,12500000,3800000,8700000
Jamaica,1997,8035000,7195000,840000
Jamaica,1998,425612,425612,0
Jamaica,1999,1017744,867744,150000
Jamaica,2001,34720194,7908062,26812132
Jamaica,2002,241533,241533,0
Jamaica,2003,11547150,6274200,5272950
Jamaica,2004,21637050,3726000,17911050
Jamaica,2005,112052184,13782691,98269493
Jamaica,2007,22697778,18172638,4525140
Jamaica,2008,55599767,7696986,47902781
Jamaica,2009,96125357,48245990,47879367
Jamaica,2010,7820585,2770585,5050000
Jamaica,2012,7461000,2361000,5100000
Jamaica,2013,174166490,80094527,94071963
Jamaica,2014,17308387,3772986,13535401
Jamaica,2015,278700193,41472261,237227932
Jamaica,2016,48337741,7854987,40482754
Jamaica,2017,47601484,21077484,26524000
Jamaica,2018,11308735,8191735,3117000
Jamaica,2019,166707641,16493938,150213703
Jamaica,2020,53009206,8486546,44522660
Jamaica,2021,64165784,11940067,52225717
Jamaica,2022,338482088,78936934,259545154
Jamaica,2023,38190000,38190000,0
Jamaica,2024,270900366,168892539,102007827
Jordan,1970,983276081,134274222,849001859
Jordan,1992,12560170,11300000,1260170
Jordan,1995,357000,242000,115000
Jordan,1996,11672000,2700000,8972000
Jordan,1997,8455500,4886500,3569000
Jordan,1998,74384500,27136500,47248000
Jordan,1999,900000,750000,150000
Jordan,2001,2129500,1065500,1064000
Jordan,2002,2656500,1559000,1097500
Jordan,2003,14410000,5200000,9210000
Jordan,2007,36089939,11838000,24251939
Jordan,2008,232780416,18830014,213950402
Jordan,2009,22730829,5167270,17563559
Jordan,2010,7207615,2799000,4408615
Jordan,2011,39579565,9594565,29985000
Jordan,2012,36157055,7693555,28463500
Jordan,2013,216347310,82150967,134196343
Jordan,2014,167578485,16348000,151230485
Jordan,2015,2294050,1299050,995000
Jordan,2016,170250000,15000000,155250000
Jordan,2017,103545875,14069482,89476393
Jordan,2018,64698177,22659177,42039000
Jordan,2020,2475390,1424500,1050890
Jordan,2022,185274713,21572830,163701883
Jordan,2023,44353073,38853073,5500000
Jordan,2024,249767248,167456759,82310489
Kazakhstan,1970,-66352584,550708704,-617061288
Kazakhstan,1996,146664,132664,14000
Kazakhstan,1998,21000000,12000000,9000000
Kazakhstan,1999,13650000,10150000,3500000
Kazakhstan,2000,19245536,7991536,11254000
Kazakhstan,2001,6732291,5933452,798839
Kazakhstan,2002,36740000,9635000,27105000
Kazakhstan,2003,33234370,15470000,17764370
Kazakhstan,2004,39102400,8576400,30526000
Kazakhstan,2005,110309404,20438070,89871334
Kazakhstan,2006,35529400,8710700,26818700
Kazakhstan,2007,23940818,19007638,4933180
Kazakhstan,2008,31262162,4884816,26377346
Kazakhstan,2009,143231463,52776963,90454500
Kazakhstan,2010,53283520,7868500,45415020
Kazakhstan,2011,81412000,4886000,76526000
Kazakhstan,2012,166311703,51538365,114773338
Kazakhstan,2013,62567037,7900986,54666051
Kazakhstan,2014,91584090,10282000,81302090
Kazakhstan,2015,13493509,2999050,10494459
Kazakhstan,2016,66436986,13136986,53300000
Kazakhstan,2017,275378795,46427885,228950910
Kazakhstan,2018,97167334,10009658,87157676
Kazakhstan,2019,1768768,852000,916768
Kazakhstan,2021,368758464,18526404,350232060
Kazakhstan,2022,45073583,12794693,32278890
Kazakhstan,2024,36833000,36833000,0
Kenya,1970,2231661886,608987172,1622674714
Kenya,1991,23142000,21000000,2142000
Kenya,1992,2000000,2000000,0
Kenya,1994,4000000,4000000,0
Kenya,1996,77600000,35000000,42600000
Kenya,1997,157000,157000,0
Kenya,1998,167264700,56828100,110436600
Kenya,1999,12241000,3918000,8323000
Kenya,2000,4091700,2271000,1820700
Kenya,2001,29563250,19036000,10527250
Kenya,2002,34569839,12814918,21754921
Kenya,2003,110500000,16800000,93700000
Kenya,2004,26399794,8703740,17696054
Kenya,2005,29698226,10692044,19006182
Kenya,2006,76772269,22882124,53890145
Kenya,2007,212700595,57337863,155362732
Kenya,2008,315505675,34725452,280780223
Kenya,2009,161873660,57694963,104178697
Kenya,2010,90832084,17473034,73359050
Kenya,2011,68539825,16520477,52019348
Kenya,2012,84798319,7752667,77045652
Kenya,2013,2665110,913265,1751845
Kenya,2014,57039043,12737543,44301500
Kenya,2015,27335556,6181788,21153768
Kenya,2016,869940602,56095743,813844859
Kenya,2017,59111865,21455144,37656721
Kenya,2018,126011483,25469838,100541645
Kenya,2019,39342492,12712492,26630000
Kenya,2020,51207145,9360395,41846750
Kenya,2021,35784813,16017813,19767000
Kenya,2022,301272338,49392655,251879683
Kenya,2023,199515256,82383914,117131342
Kenya,2024,289873450,67782163,222091287
Kiribati,1970,807850220,156475353,651374867
Kiribati,1991,14296000,10000000,4296000
Kiribati,1996,4713000,2700000,2013000
Kiribati,1997,2440000,2440000,0
Kiribati,1998,198790,198790,0
Kiribati,2000,21131183,13012800,8118383
Kiribati,2002,1439089,1297000,142089
Kiribati,2003,200000,200000,0
Kiribati,2004,0,0,0
Kiribati,2005,90238153,11146220,79091933
Kiribati,2006,39808000,7025000,32783000
Kiribati,2008,100656487,9542688,91113799
Kiribati,2011,20474190,6902018,13572172
Kiribati,2012,24879127,10393200,14485927
Kiribati,2013,148617267,72851267,75766000
Kiribati,2014,107606772,13631986,93974786
Kiribati,2015,127513674,30277114,97236560
Kiribati,2016,14312468,6582192,7730276
Kiribati,2017,1860500,1270500,590000
Kiribati,2018,19958204,6318204,13640000
Kiribati,2020,243445719,42756108,200689611
Kiribati,2022,107056283,13835615,93220668
Kiribati,2023,196789339,95264943,101524396
Kiribati,2024,197621603,162621603,35000000
Korea DPR,1991,13000000,9500000,3500000
Korea DPR,1993,11400000,8000000,3400000
Korea DPR,1997,453450,453450,0
Korea DPR,1999,35653000,21181200,14471800
Korea DPR,2000,1664300,750000,914300
Korea DPR,2002,1315513,774523,540990
Korea DPR,2003,2260100,1451600,808500
Korea DPR,2004,1620000,925000,695000
Korea DPR,2005,130000,130000,0
Kosovo,2015,8853373,1000000,7853373
Kuwait,1999,900000,750000,150000
Kuwait,2014,3562000,1897000,1665000
Kuwait,2015,2094050,1099050,995000
Kuwait,2020,11110480,10110480,1000000
Kyrgyz Republic,1970,576530928,93964807,482566121
Kyrgyz Republic,1997,108000,108000,0
Kyrgyz Republic,1998,21000000,12000000,9000000
Kyrgyz Republic,1999,13650000,10150000,3500000
Kyrgyz Republic,2000,332000,332000,0
Kyrgyz Republic,2002,2135000,750000,1385000
Kyrgyz Republic,2003,790000,790000,0
Kyrgyz Republic,2005,29139165,8643070,20496095
Kyrgyz Republic,2006,6325000,3025000,3300000
Kyrgyz Republic,2007,11636596,3950000,7686596
Kyrgyz Republic,2008,9147000,2575000,6572000
Kyrgyz Republic,2009,8177500,3815000,4362500
Kyrgyz Republic,2010,27812000,3000000,24812000
Kyrgyz Republic,2011,492000,220000,272000
Kyrgyz Republic,2012,4320370,1094000,3226370
Kyrgyz Republic,2013,46136666,5950000,40186666
Kyrgyz Republic,2014,56280925,16644696,39636229
Kyrgyz Republic,2015,20363639,6158639,14205000
Kyrgyz Republic,2016,74944744,12125561,62819183
Kyrgyz Republic,2017,98107226,28914359,69192867
Kyrgyz Republic,2018,2302480,1940480,362000
Kyrgyz Republic,2020,46657423,16544500,30112923
Kyrgyz Republic,2022,67424915,13933107,53491808
Kyrgyz Republic,2023,32058750,32058750,0
Kyrgyz Republic,2024,196786603,161786603,35000000
Lao PDR,1970,636935869,131317661,505618208
Lao PDR,1991,5200000,5000000,200000
Lao PDR,1996,413000,313000,100000
Lao PDR,1997,1556000,744000,812000
Lao PDR,1999,16300000,11000000,5300000
Lao PDR,2001,100000,100000,0
Lao PDR,2002,22756650,8104650,14652000
Lao PDR,2003,417600,400000,17600
Lao PDR,2004,13173621,4109134,9064487
Lao PDR,2005,37747600,4724025,33023575
Lao PDR,2007,44250736,10876336,33374400
Lao PDR,2008,1049850,500000,549850
Lao PDR,2009,92853443,47047563,45805880
Lao PDR,2010,35096630,11660450,23436180
Lao PDR,2011,11948000,2568000,9380000
Lao PDR,2012,21636247,10507000,11129247
Lao PDR,2013,191908163,83911267,107996896
Lao PDR,2014,257941478,23723111,234218367
Lao PDR,2015,164755981,31082216,133673765
Lao PDR,2016,112181726,17058626,95123100
Lao PDR,2017,100844140,9393500,91450640
Lao PDR,2018,88430288,31074241,57356047
Lao PDR,2019,1360000,1210000,150000
Lao PDR,2020,28437533,4977469,23460064
Lao PDR,2021,127116285,22960074,104156211
Lao PDR,2022,155225567,18947790,136277777
Lao PDR,2023,62590000,42190000,20400000
Lao PDR,2024,258189453,174739355,83450098
Latin America and Caribbean,1970,826165060,97000000,729165060
Latin America and Caribbean,1993,5500000,5500000,0
Latin America and Caribbean,2004,34930000,6000000,28930000
Latin America and Caribbean,2006,1143200,637200,506000
Latin America and Caribbean,2010,20000000,5000000,15000000
Latin America and Caribbean,2014,67449000,10899000,56550000
Latin America and Caribbean,2015,55859000,5000000,50859000
Latin America and Caribbean,2017,210170000,25000000,185170000
Latin America and Caribbean,2021,143041860,21000000,122041860
Latvia,1997,165315,165315,0
Latvia,1998,25210000,5120000,20090000
Latvia,1999,2456030,2014812,441218
Latvia,2000,3480000,750000,2730000
Latvia,2001,206600,206600,0
Latvia,2002,32793400,11824600,20968800
Latvia,2003,75870000,12250000,63620000
Latvia,2004,13400000,2660500,10739500
Latvia,2005,65690138,12812516,52877622
Latvia,2006,2841696,999600,1842096
Latvia,2007,23296949,10326455,12970494
Latvia,2008,1280000,745000,535000
Lebanon,1970,881216761,107796454,773420307
Lebanon,1992,5801000,5000000,801000
Lebanon,1995,3262600,2500000,762600
Lebanon,1996,327600,292600,35000
Lebanon,1997,145000,145000,0
Lebanon,1998,37731500,8133500,29598000
Lebanon,1999,41894100,13273200,28620900
Lebanon,2000,17385000,9460000,7925000
Lebanon,2001,1494000,1194000,300000
Lebanon,2002,8805000,5835000,2970000
Lebanon,2003,1360000,730500,629500
Lebanon,2007,69201949,11231455,57970494
Lebanon,2008,53824200,14851000,38973200
Lebanon,2010,2373000,950000,1423000
Lebanon,2011,26913545,8644545,18269000
Lebanon,2012,8874945,2478545,6396400
Lebanon,2013,162024728,74622728,87402000
Lebanon,2014,28768557,5863557,22905000
Lebanon,2015,2094050,1099050,995000
Lebanon,2016,34529635,7499635,27030000
Lebanon,2017,17820885,5463500,12357385
Lebanon,2018,24051179,7071179,16980000
Lebanon,2019,113778471,12450000,101328471
Lebanon,2020,780717668,30174500,750543168
Lebanon,2021,48030150,3552968,44477182
Lebanon,2022,156167676,20958035,135209641
Lebanon,2023,1233000,1233000,0
Lebanon,2024,225244603,165244603,60000000
Lebanon,2025,19294475,2929935,16364540
Lesotho,1970,373385690,106698383,266687307
Lesotho,1996,464480,464480,0
Lesotho,1997,9262000,4725000,4537000
Lesotho,1999,12395000,2485000,9910000
Lesotho,2000,42540000,19850000,22690000
Lesotho,2002,488950,488950,0
Lesotho,2003,190000,190000,0
Lesotho,2004,2385541,1174825,1210716
Lesotho,2006,6728500,2500000,4228500
Lesotho,2009,44760000,8024500,36735500
Lesotho,2010,25917188,6296637,19620551
Lesotho,2011,14741976,6613756,8128220
Lesotho,2012,25261701,17584564,7677137
Lesotho,2013,385000,150000,235000
Lesotho,2014,120498077,18646730,101851347
Lesotho,2015,69270216,30373816,38896400
Lesotho,2016,109521908,21685000,87836908
Lesotho,2017,5634316,3393500,2240816
Lesotho,2018,397644013,16829521,380814492
Lesotho,2019,42060000,5000000,37060000
Lesotho,2020,8658750,5877000,2781750
Lesotho,2021,5501826,2101826,3400000
Lesotho,2022,342837481,73357336,269480145
Lesotho,2023,74877289,71477289,3400000
Lesotho,2024,205035302,165535302,39500000
Liberia,1970,-936350127,423535280,-1359885407
Liberia,1998,949000,742000,207000
Liberia,2001,256000,256000,0
Liberia,2003,572000,572000,0
Liberia,2004,67387991,21977699,45410292
Liberia,2008,7593000,944000,6649000
Liberia,2009,57640880,10840000,46800880
Liberia,2010,19791420,5850000,13941420
Liberia,2011,38294394,14107569,24186825
Liberia,2012,38183834,22716182,15467652
Liberia,2013,167601967,79741267,87860700
Liberia,2015,18401350,15782950,2618400
Liberia,2016,451364508,26850358,424514150
Liberia,2017,54861687,9533226,45328461
Liberia,2018,11899495,7554495,4345000
Liberia,2019,15138468,3944220,11194248
Liberia,2020,2533750,1287000,1246750
Liberia,2021,78243645,11229580,67014065
Liberia,2022,373298047,78705658,294592389
Liberia,2023,38190000,38190000,0
Liberia,2024,215820289,165725426,50094863
Libya,1970,760977067,46676607,714300460
Libya,2002,1416000,600000,816000
Libya,2003,200000,200000,0
Libya,2005,7926100,975000,6951100
Libya,2007,69294939,6593000,62701939
Libya,2008,49439200,12891000,36548200
Libya,2009,3226080,960000,2266080
Libya,2011,7400000,3000000,4400000
Libya,2012,8474945,2298545,6176400
Libya,2014,2045000,1045000,1000000
Libya,2015,2593550,1368550,1225000
Libya,2018,24073735,5971735,18102000
Libya,2019,20701765,4500000,16201765
Libya,2020,785591036,30126147,755464889
Libya,2022,81255965,9228311,72027654
Libya,2023,38190000,38190000,0
Lithuania,1995,18020000,6900000,11120000
Lithuania,1996,70000,70000,0
Lithuania,1997,154500,154500,0
Lithuania,1998,8038007,4416529,3621478
Lithuania,1999,700000,663000,37000
Lithuania,2001,2493900,999900,1494000
Lithuania,2002,32100000,11250000,20850000
Lithuania,2003,141809800,22826400,118983400
Lithuania,2004,12219000,3261000,8958000
Lithuania,2005,19490558,11000000,8490558
Lithuania,2006,1091400,687400,404000
Lithuania,2008,1280000,745000,535000
Madagascar,1970,911635765,669120702,242515063
Madagascar,1994,2000000,2000000,0
Madagascar,1996,155000000,20800000,134200000
Madagascar,1997,35000,35000,0
Madagascar,1998,4637000,3152000,1485000
Madagascar,1999,350000,350000,0
Madagascar,2000,1361087,737240,623847
Madagascar,2001,1335000,1025000,310000
Madagascar,2003,2293126,1685126,608000
Madagascar,2004,174183459,24804165,149379294
Madagascar,2006,32935000,13200000,19735000
Madagascar,2007,39647498,24647498,15000000
Madagascar,2008,45696679,9560296,36136383
Madagascar,2009,95826963,46119713,49707250
Madagascar,2010,28638211,8705761,19932450
Madagascar,2011,42633950,10993950,31640000
Madagascar,2012,95622729,47912729,47710000
Madagascar,2014,201814568,24129361,177685207
Madagascar,2015,80285089,26816468,53468621
Madagascar,2016,917417915,68520671,848897244
Madagascar,2017,340380331,59207366,281172965
Madagascar,2018,2317737,1981737,336000
Madagascar,2019,68140207,21829370,46310837
Madagascar,2020,36223705,5076955,31146750
Madagascar,2021,45310027,17417202,27892825
Madagascar,2022,490116203,95738622,394377581
Madagascar,2023,120197828,47055581,73142247
Madagascar,2024,284121919,178586228,105535691
Malawi,1970,3792685546,236871605,3555813941
Malawi,1991,5440000,5000000,440000
Malawi,1996,289000,289000,0
Malawi,1997,9466640,4929640,4537000
Malawi,1998,6727000,3494000,3233000
Malawi,1999,919410,726460,192950
Malawi,2000,19547000,7853000,11694000
Malawi,2001,10070000,7500000,2570000
Malawi,2002,596500,596500,0
Malawi,2003,397200,397200,0
Malawi,2004,3985541,1874825,2110716
Malawi,2007,95567281,8102165,87465116
Malawi,2008,53440000,5930000,47510000
Malawi,2009,89711963,45211963,44500000
Malawi,2010,34382974,10734940,23648034
Malawi,2011,6942696,2858950,4083746
Malawi,2012,108137500,25706000,82431500
Malawi,2013,15294907,4000000,11294907
Malawi,2014,143179860,22841145,120338715
Malawi,2015,23168640,16696190,6472450
Malawi,2016,69358071,17030000,52328071
Malawi,2017,146979435,17136619,129842816
Malawi,2018,35360832,16045685,19315147
Malawi,2019,42143500,2643500,39500000
Malawi,2020,2533750,1287000,1246750
Malawi,2021,63104433,11892714,51211719
Malawi,2022,223886611,26666611,197220000
Malawi,2023,86256141,11123791,75132350
Malawi,2024,36435000,36435000,0
Malaysia,1970,724706636,496555863,228150773
Malaysia,1991,6000000,4800000,1200000
Malaysia,1992,5801000,5000000,801000
Malaysia,1993,15046700,10000000,5046700
Malaysia,1996,625000,470000,155000
Malaysia,1997,36750,36750,0
Malaysia,1998,6750000,750000,6000000
Malaysia,1999,49335200,23524600,25810600
Malaysia,2000,13665000,5985000,7680000
Malaysia,2001,34054830,16414000,17640830
Malaysia,2002,23539190,9835000,13704190
Malaysia,2003,1808500,1000000,808500
Malaysia,2004,24959160,4699420,20259740
Malaysia,2006,30718259,13594780,17123479
Malaysia,2007,33573498,20647498,12926000
Malaysia,2008,55875869,20042938,35832931
Malaysia,2009,125467845,53101963,72365882
Malaysia,2011,62538182,16168182,46370000
Malaysia,2012,129928365,52038365,77890000
Malaysia,2013,9459000,2822000,6637000
Malaysia,2014,176543061,20744018,155799043
Malaysia,2015,106246610,10102844,96143766
Malaysia,2016,39378543,6104293,33274250
Malaysia,2017,39480902,19301000,20179902
Malaysia,2018,62144027,9433027,52711000
Malaysia,2019,1052000,852000,200000
Malaysia,2021,5250000,2500000,2750000
Malaysia,2022,335213805,31402251,303811554
Malaysia,2023,234681944,18689601,215992343
Malaysia,2024,35600000,35600000,0
Maldives,1970,1630162637,216642450,1413520187
Maldives,1996,1363600,863600,500000
Maldives,1997,150680,150680,0
Maldives,1999,12206,12206,0
Maldives,2003,9962250,3295100,6667150
Maldives,2004,250400,200000,50400
Maldives,2008,30993500,12082100,18911400
Maldives,2009,9336211,4485000,4851211
Maldives,2010,49122535,9700000,39422535
Maldives,2011,3300876,1650438,1650438
Maldives,2012,15448000,7798000,7650000
Maldives,2013,710000,430000,280000
Maldives,2014,52555986,10850151,41705835
Maldives,2015,19671850,17113450,2558400
Maldives,2016,200000,200000,0
Maldives,2017,18413195,15909700,2503495
Maldives,2018,2302480,1940480,362000
Maldives,2019,63076077,3675000,59401077
Maldives,2020,35067431,9547468,25519963
Maldives,2021,212846637,20373969,192472668
Maldives,2022,69894224,13849790,56044434
Maldives,2023,47568432,40300358,7268074
Maldives,2024,271725528,171372536,100352992
Mali,1970,2006198220,201634727,1804563493
Mali,1992,13100000,4500000,8600000
Mali,1997,346940,346940,0
Mali,1998,13140,13140,0
Mali,1999,900000,750000,150000
Mali,2000,100000,100000,0
Mali,2001,17019750,10605500,6414250
Mali,2002,24024133,10822134,13201999
Mali,2003,80036711,14813126,65223585
Mali,2004,59821000,22000000,37821000
Mali,2005,41020676,12655494,28365182
Mali,2006,16369611,5347380,11022231
Mali,2007,70886036,15400000,55486036
Mali,2008,52863490,15405330,37458160
Mali,2009,1193600,583000,610600
Mali,2010,205319109,20633765,184685344
Mali,2011,39744467,13770764,25973703
Mali,2012,23015125,11078200,11936925
Mali,2013,255680342,98002193,157678149
Mali,2014,85565870,19290727,66275143
Mali,2015,62517150,23582950,38934200
Mali,2016,99771879,13677579,86094300
Mali,2017,144173721,43245800,100927921
Mali,2018,1144606089,38689969,1105916120
Mali,2019,146722000,15924771,130797229
Mali,2020,3433750,1787000,1646750
Mali,2022,418468962,84053343,334415619
Mali,2023,295283784,86115646,209168138
Mali,2024,396103867,174861053,221242814
Malta,1999,265000,265000,0
Malta,2003,91500,91500,0
Marshall Islands,1970,550215668,92500554,457715114
Marshall Islands,1991,14296000,10000000,4296000
Marshall Islands,1996,4713000,2700000,2013000
Marshall Islands,1997,2670000,2670000,0
Marshall Islands,2000,21118383,13000000,8118383
Marshall Islands,2002,1083800,920000,163800
Marshall Islands,2003,346400,346400,0
Marshall Islands,2005,90238153,11146220,79091933
Marshall Islands,2007,61090131,10455000,50635131
Marshall Islands,2008,157234286,22150688,135083598
Marshall Islands,2010,19376000,5454545,13921455
Marshall Islands,2011,7010890,3031818,3979072
Marshall Islands,2012,20959127,9393200,11565927
Marshall Islands,2013,150931819,74172819,76759000
Marshall Islands,2014,139796141,20341370,119454771
Marshall Islands,2015,100119664,11416504,88703160
Marshall Islands,2016,13792468,6082192,7710276
Marshall Islands,2017,12386941,6628481,5758460
Marshall Islands,2018,39226177,19292177,19934000
Marshall Islands,2019,29381646,7104489,22277157
Marshall Islands,2020,27341543,6685856,20655687
Marshall Islands,2021,5653491,2000000,3653491
Marshall Islands,2022,196859582,57681914,139177668
Marshall Islands,2023,134783585,57484491,77299094
Marshall Islands,2024,37660000,37660000,0
Mauritania,1970,808149062,122011702,686137360
Mauritania,1992,2073552,2000000,73552
Mauritania,1997,808000,733000,75000
Mauritania,1998,2758000,2758000,0
Mauritania,2000,12261000,7891000,4370000
Mauritania,2001,611280,572280,39000
Mauritania,2002,100000,100000,0
Mauritania,2003,21647126,7659126,13988000
Mauritania,2004,1800000,900000,900000
Mauritania,2005,12395229,6200000,6195229
Mauritania,2006,64800000,6000000,58800000
Mauritania,2007,13029517,3300000,9729517
Mauritania,2008,52563490,15105330,37458160
Mauritania,2009,45653200,12280000,33373200
Mauritania,2010,19987201,5839399,14147802
Mauritania,2011,35123543,12228840,22894703
Mauritania,2012,19028000,9628000,9400000
Mauritania,2013,273199267,94103267,179096000
Mauritania,2014,53717684,13800000,39917684
Mauritania,2015,83947466,21446416,62501050
Mauritania,2017,35147521,22339700,12807821
Mauritania,2018,1118856563,24579242,1094277321
Mauritania,2019,11507532,4449542,7057990
Mauritania,2020,13644230,11397480,2246750
Mauritania,2021,34816373,12669549,22146824
Mauritania,2022,293790913,33501985,260288928
Mauritania,2023,107396725,43979726,63416999
Mauritania,2024,269318968,177825135,91493833
Mauritius,1970,662654919,144952471,517702448
Mauritius,1991,55100000,3300000,51800000
Mauritius,1993,200000,200000,0
Mauritius,1995,1600000,1200000,400000
Mauritius,1996,3270000,3000000,270000
Mauritius,1997,375440,375440,0
Mauritius,1998,11376300,6658300,4718000
Mauritius,2000,2942488,1487240,1455248
Mauritius,2002,517300,453400,63900
Mauritius,2003,4470760,1105500,3365260
Mauritius,2004,11088465,4186140,6902325
Mauritius,2006,31305700,12627800,18677900
Mauritius,2007,75308096,37559909,37748187
Mauritius,2008,1832250,902250,930000
Mauritius,2009,108132493,50535963,57596530
Mauritius,2010,49122535,9700000,39422535
Mauritius,2011,22826950,2998950,19828000
Mauritius,2012,2000000,1000000,1000000
Mauritius,2013,167722692,81513086,86209606
Mauritius,2014,14722949,4407749,10315200
Mauritius,2015,18401350,15782950,2618400
Mauritius,2016,531105543,35670412,495435131
Mauritius,2017,5634316,3393500,2240816
Mauritius,2018,1898174,1598174,300000
Mauritius,2019,36580833,11271305,25309528
Mauritius,2020,10404724,1699204,8705520
Mauritius,2021,202677534,14269850,188407684
Mauritius,2022,246897135,26887135,220010000
Mauritius,2023,70248750,70248750,0
Mauritius,2024,328964715,182483847,146480868
Mexico,1970,127529667,424474069,-296944402
Mexico,1991,54416975,39700000,14716975
Mexico,1996,372000,306000,66000
Mexico,1997,1733000,893000,840000
Mexico,1999,59971730,23139830,36831900
Mexico,2000,108750000,22340000,86410000
Mexico,2001,139892740,41376472,98516268
Mexico,2002,122424409,39827009,82597400
Mexico,2003,43136000,14111000,29025000
Mexico,2004,500000,500000,0
Mexico,2005,1629000,1162000,467000
Mexico,2006,851280802,94352124,756928678
Mexico,2007,145615170,33874485,111740685
Mexico,2008,257486828,42002616,215484212
Mexico,2009,301892263,65686963,236205300
Mexico,2010,776077923,25402644,750675279
Mexico,2011,64973942,13707536,51266406
Mexico,2012,67136183,17260027,49876156
Mexico,2013,367513754,52499188,315014566
Mexico,2014,249705660,40389288,209316372
Mexico,2015,220870788,28830524,192040264
Mexico,2016,188260684,23178105,165082579
Mexico,2017,213469158,34940540,178528618
Mexico,2018,392492776,42183022,350309754
Mexico,2019,164977141,14943938,150033203
Mexico,2020,124810421,18376598,106433823
Mexico,2021,191321843,25389887,165931956
Mexico,2022,208328050,27802303,180525747
Mexico,2023,180530063,24487455,156042608
Mexico,2024,876553647,105829128,770724519
Micronesia,1970,656766774,143631907,513134867
Micronesia,1991,14296000,10000000,4296000
Micronesia,1997,2440000,2440000,0
Micronesia,1999,2481904,1029244,1452660
Micronesia,2000,21118383,13000000,8118383
Micronesia,2002,9802000,6701000,3101000
Micronesia,2004,200000,200000,0
Micronesia,2005,90038153,10946220,79091933
Micronesia,2008,157234286,22150688,135083598
Micronesia,2010,56343183,18572728,37770455
Micronesia,2011,7010890,3031818,3979072
Micronesia,2012,9327290,3275000,6052290
Micronesia,2013,149141991,73071267,76070724
Micronesia,2014,99893877,12045000,87848877
Micronesia,2015,120601827,15007269,105594558
Micronesia,2016,14744468,6934192,7810276
Micronesia,2017,4601821,2900500,1701321
Micronesia,2018,125000,125000,0
Micronesia,2019,5276483,1776483,3500000
Micronesia,2020,12981509,4141509,8840000
Micronesia,2021,5653491,2000000,3653491
Micronesia,2022,196859582,57681914,139177668
Micronesia,2023,159658203,58345255,101312948
Micronesia,2024,215991327,171241327,44750000
Moldova,1970,454735663,99245417,355490246
Moldova,1991,43500000,8500000,35000000
Moldova,1997,14025000,4225000,9800000
Moldova,1998,125000,125000,0
Moldova,2000,300000,300000,0
Moldova,2001,11699500,5099500,6600000
Moldova,2002,2452050,1386500,1065550
Moldova,2003,200000,200000,0
Moldova,2004,35858000,17190000,18668000
Moldova,2005,15227258,7322920,7904338
Moldova,2006,689350,542350,147000
Moldova,2008,4771212,1974816,2796396
Moldova,2009,2041670,950000,1091670
Moldova,2010,4262500,960000,3302500
Moldova,2011,3094850,1710450,1384400
Moldova,2012,30015500,7265500,22750000
Moldova,2013,176809167,77111267,99697900
Moldova,2014,22313906,6134648,16179258
Moldova,2015,7986854,2111854,5875000
Moldova,2016,170639000,15352000,155287000
Moldova,2017,77278887,9290226,67988661
Moldova,2018,2302480,1940480,362000
Moldova,2019,15257935,9401935,5856000
Moldova,2020,2757390,1674500,1082890
Moldova,2021,36540023,3960023,32580000
Moldova,2022,25667146,4945418,20721728
Moldova,2023,255044686,83519686,171525000
Moldova,2024,197621603,162621603,35000000
Mongolia,1970,1309416172,205842129,1103574043
Mongolia,1991,13000000,9500000,3500000
Mongolia,1993,0,0,0
Mongolia,1997,12057550,5196550,6861000
Mongolia,1998,573050,573050,0
Mongolia,1999,9733000,6432200,3300800
Mongolia,2000,1840363,1043000,797363
Mongolia,2001,1439900,804900,635000
Mongolia,2002,3264196,1971000,1293196
Mongolia,2003,1906000,975000,931000
Mongolia,2004,200000,200000,0
Mongolia,2006,34193222,6220000,27973222
Mongolia,2008,2396550,1000000,1396550
Mongolia,2009,101735281,48836963,52898318
Mongolia,2010,33497248,7813630,25683618
Mongolia,2011,53900469,4277300,49623169
Mongolia,2012,6641696,3214696,3427000
Mongolia,2013,157039358,74760358,82279000
Mongolia,2014,57054415,16639515,40414900
Mongolia,2015,49000347,9948913,39051434
Mongolia,2016,8669863,1769863,6900000
Mongolia,2017,4280421,2900500,1379921
Mongolia,2018,136396696,30509230,105887466
Mongolia,2019,8163040,7383040,780000
Mongolia,2020,2475390,1424500,1050890
Mongolia,2021,56299586,5354586,50945000
Mongolia,2022,128124713,53307713,74817000
Mongolia,2023,38302021,33151936,5150085
Mongolia,2024,273552831,174574831,98978000
Montenegro,1970,1032342901,117812765,914530136
Montenegro,2008,26644622,6555776,20088846
Montenegro,2009,28289894,4950000,23339894
Montenegro,2010,13778570,3110000,10668570
Montenegro,2011,8585550,3502700,5082850
Montenegro,2012,8924945,2508545,6416400
Montenegro,2013,11772411,2398805,9373606
Montenegro,2014,351760083,7942000,343818083
Montenegro,2015,2397950,1352950,1045000
Montenegro,2016,317025801,29902320,287123481
Montenegro,2017,20992295,3645130,17347165
Montenegro,2018,1898174,1598174,300000
Montenegro,2019,119853765,13602000,106251765
Montenegro,2020,780717668,30174500,750543168
Montenegro,2021,374142447,39809963,334332484
Montenegro,2022,217093621,18724291,198369330
Montenegro,2023,38190000,38190000,0
Montenegro,2024,36435000,36435000,0
Morocco,1970,3230948144,301596126,2929352018
Morocco,1991,6416975,4700000,1716975
Morocco,1992,25801000,23260000,2541000
Morocco,1993,2500000,2500000,0
Morocco,1997,191200,191200,0
Morocco,1998,120014000,30014000,90000000
Morocco,1999,62833709,27441967,35391742
Morocco,2000,26289000,13277000,13012000
Morocco,2002,556800,496800,60000
Morocco,2003,13875000,1925000,11950000
Morocco,2005,2825000,950000,1875000
Morocco,2006,3078145,965345,2112800
Morocco,2007,667478209,71376786,596101423
Morocco,2008,94370403,25347436,69022967
Morocco,2009,146422134,60779224,85642910
Morocco,2010,19080841,6046899,13033942
Morocco,2011,65029294,13879090,51150204
Morocco,2012,122810810,52356910,70453900
Morocco,2013,42180913,6640913,35540000
Morocco,2014,261506175,31472002,230034173
Morocco,2015,179386698,13464166,165922532
Morocco,2016,416671742,37575059,379096683
Morocco,2017,11312984,3789984,7523000
Morocco,2018,12498632,2506449,9992183
Morocco,2019,137163225,16213215,120950010
Morocco,2020,782576028,31537000,751039028
Morocco,2021,311963797,10329409,301634388
Morocco,2022,194002322,59077668,134924654
Morocco,2023,43741918,39011918,4730000
Morocco,2024,321142874,185067566,136075308
Mozambique,1970,2689165507,243722670,2445442837
Mozambique,1992,13901000,10000000,3901000
Mozambique,1996,216000,216000,0
Mozambique,1997,9491300,4954300,4537000
Mozambique,1999,919410,726460,192950
Mozambique,2000,20745000,8980000,11765000
Mozambique,2002,542000,481900,60100
Mozambique,2003,10290000,3290000,7000000
Mozambique,2004,16257006,6316465,9940541
Mozambique,2005,49820000,17000000,32820000
Mozambique,2006,34824840,14160000,20664840
Mozambique,2007,154135280,51089698,103045582
Mozambique,2009,89711963,45211963,44500000
Mozambique,2010,27297576,8152500,19145076
Mozambique,2011,13692077,5858950,7833127
Mozambique,2012,41085337,22881200,18204137
Mozambique,2013,148997267,73031267,75966000
Mozambique,2014,247412167,28458653,218953514
Mozambique,2015,63077297,28996190,34081107
Mozambique,2016,813603853,53216639,760387214
Mozambique,2017,102425697,22994884,79430813
Mozambique,2018,2317737,1981737,336000
Mozambique,2019,28900328,6000000,22900328
Mozambique,2020,186955952,30402776,156553176
Mozambique,2022,136743539,17486185,119257354
Mozambique,2023,51269419,5786073,45483346
Mozambique,2024,364119480,179119480,185000000
Mozambique,2025,71142249,7105936,64036313
Myanmar,1970,656767806,78560896,578206910
Myanmar,1991,13000000,9500000,3500000
Myanmar,2008,31493500,12482100,19011400
Myanmar,2011,1500000,750000,750000
Myanmar,2012,13631837,7118200,6513637
Myanmar,2013,9491000,7710000,1781000
Myanmar,2014,72109128,9674828,62434300
Myanmar,2015,39676588,23496481,16180107
Myanmar,2016,93570500,15774500,77796000
Myanmar,2017,144409256,17743500,126665756
Myanmar,2018,60586591,20057544,40529047
Myanmar,2020,156211295,13505973,142705322
Myanmar,2021,14299077,3046347,11252730
Namibia,1970,2325431381,298486624,2026944757
Namibia,1994,2000000,2000000,0
Namibia,1997,9262000,4725000,4537000
Namibia,1998,2986200,2986200,0
Namibia,1999,919410,726460,192950
Namibia,2000,8890000,4500000,4390000
Namibia,2001,38813750,15244000,23569750
Namibia,2002,23382133,11050134,12331999
Namibia,2003,6020000,2900000,3120000
Namibia,2004,32430000,7100000,25330000
Namibia,2005,48360527,11472545,36887982
Namibia,2006,41877000,8200000,33677000
Namibia,2007,87835642,29732638,58103004
Namibia,2008,1907000,1015000,892000
Namibia,2009,202162259,56650423,145511836
Namibia,2010,34086000,7534000,26552000
Namibia,2011,3384950,1723950,1661000
Namibia,2012,10115600,3202200,6913400
Namibia,2013,194553267,83367267,111186000
Namibia,2014,74699000,12925000,61774000
Namibia,2015,28903813,7370550,21533263
Namibia,2016,469389827,28660000,440729827
Namibia,2017,348774348,9845500,338928848
Namibia,2018,377607366,12796874,364810492
Namibia,2019,85338588,11175744,74162844
Namibia,2020,3693750,2387000,1306750
Namibia,2021,120453296,12377293,108076003
Namibia,2022,292632440,22981639,269650801
Namibia,2023,42431060,39088060,3343000
Namibia,2024,197621603,162621603,35000000
Namibia,2025,66045959,10484931,55561028
Nauru,1970,701282981,149548114,551734867
Nauru,1991,14296000,10000000,4296000
Nauru,1996,4713000,2700000,2013000
Nauru,1997,2440000,2440000,0
Nauru,2000,21118383,13000000,8118383
Nauru,2002,811000,700000,111000
Nauru,2003,221100,221100,0
Nauru,2004,0,0,0
Nauru,2005,90176153,11084220,79091933
Nauru,2008,157234286,22150688,135083598
Nauru,2011,4302720,1740600,2562120
Nauru,2012,35528763,13522836,22005927
Nauru,2013,158209819,80352819,77857000
Nauru,2014,97848877,11000000,86848877
Nauru,2015,112941022,15660862,97280160
Nauru,2016,13792468,6082192,7710276
Nauru,2017,17180700,15216700,1964000
Nauru,2018,8955000,6210000,2745000
Nauru,2020,26067968,3302968,22765000
Nauru,2021,22833621,3502968,19330653
Nauru,2022,105138472,11917804,93220668
Nauru,2023,121010804,53190000,67820804
Nauru,2024,197621603,162621603,35000000
Nepal,1970,329809622,90894067,238915555
Nepal,1991,6500000,3800000,2700000
Nepal,1998,310000,310000,0
Nepal,1999,2015700,740700,1275000
Nepal,2000,2528015,1375000,1153015
Nepal,2001,9020000,6512000,2508000
Nepal,2002,569500,569500,0
Nepal,2003,1775000,975000,800000
Nepal,2004,12871433,3312278,9559155
Nepal,2005,200000,200000,0
Nepal,2006,4061970,1964895,2097075
Nepal,2008,26658003,8010682,18647321
Nepal,2010,32180000,3400000,28780000
Nepal,2011,6773900,2880000,3893900
Nepal,2012,32371500,20958000,11413500
Nepal,2013,228677176,87448698,141228478
Nepal,2014,35312500,3000000,32312500
Nepal,2015,32273573,8135973,24137600
Nepal,2016,4444721,1376147,3068574
Nepal,2017,54801102,33247200,21553902
Nepal,2018,36061600,9000000,27061600
Nepal,2019,88094678,12939948,75154730
Nepal,2020,42793000,7000000,35793000
Nepal,2021,41240122,5743405,35496717
Nepal,2022,245345419,80984505,164360914
Nepal,2023,32058750,32058750,0
Nepal,2024,213133086,164133086,49000000
New Zealand,1998,3983000,750000,3233000
Nicaragua,1970,-1219860205,418256709,-1638116914
Nicaragua,1997,22635000,7795000,14840000
Nicaragua,1998,299100,299100,0
Nicaragua,1999,24090677,11577247,12513430
Nicaragua,2000,7250810,4371820,2878990
Nicaragua,2001,12799947,8532815,4267132
Nicaragua,2002,13117615,7516215,5601400
Nicaragua,2003,49742150,15323150,34419000
Nicaragua,2004,53742088,9962120,43779968
Nicaragua,2005,39553639,9470000,30083639
Nicaragua,2006,134050000,23220000,110830000
Nicaragua,2007,152115000,15320000,136795000
Nicaragua,2008,128098327,13046616,115051711
Nicaragua,2009,89711963,45211963,44500000
Nicaragua,2011,10310766,4040909,6269857
Nicaragua,2012,37656000,6220000,31436000
Nicaragua,2013,153391701,74452267,78939434
Nicaragua,2015,28290180,7345462,20944718
Nicaragua,2017,84004307,11463500,72540807
Nicaragua,2020,26446969,8229003,18217966
Nicaragua,2022,120271401,15584362,104687039
Nicaragua,2023,113134300,5000000,108134300
Nicaragua,2024,70463087,49323440,21139647
Niger,1970,2465522700,117784030,2347738670
Niger,1997,586438,586438,0
Niger,2000,100000,100000,0
Niger,2001,2540000,1700000,840000
Niger,2002,15903133,5671134,10231999
Niger,2003,68045611,17463126,50582485
Niger,2004,48941000,15600000,33341000
Niger,2005,45189865,16817044,28372821
Niger,2006,9367734,4000000,5367734
Niger,2007,35261996,9679881,25582115
Niger,2008,97533490,19775330,77758160
Niger,2009,45828000,9720000,36108000
Niger,2010,25865341,5804399,20060942
Niger,2011,34108713,11492099,22616614
Niger,2012,22680019,10716382,11963637
Niger,2013,303827100,84209100,219618000
Niger,2014,69922555,15000000,54922555
Niger,2015,13447950,5668550,7779400
Niger,2016,92906704,11925204,80981500
Niger,2017,371842762,41471537,330371225
Niger,2018,1136149359,41283914,1094865445
Niger,2019,159938890,16970661,142968229
Niger,2020,68995501,14808588,54186913
Niger,2021,4562580,867580,3695000
Niger,2022,270102546,66106580,203995966
Niger,2023,209228163,42592546,166635617
Niger,2024,252855023,171554023,81301000
Nigeria,1970,2893217189,626920768,2266296421
Nigeria,1991,6512700,6000000,512700
Nigeria,1992,5801000,5000000,801000
Nigeria,1996,4713000,2700000,2013000
Nigeria,1997,259560,259560,0
Nigeria,1998,313740,313740,0
Nigeria,1999,900000,750000,150000
Nigeria,2000,1725000,750000,975000
Nigeria,2001,1738700,1198700,540000
Nigeria,2002,99800000,12450000,87350000
Nigeria,2003,24166485,13452000,10714485
Nigeria,2004,107421991,33812699,73609292
Nigeria,2005,37122639,12000000,25122639
Nigeria,2006,63220000,10030000,53190000
Nigeria,2007,32945016,7388200,25556816
Nigeria,2009,420405563,50294963,370110600
Nigeria,2010,148230737,17250000,130980737
Nigeria,2011,49509028,13683023,35826005
Nigeria,2012,514632593,11647593,502985000
Nigeria,2013,148617267,72851267,75766000
Nigeria,2014,60628527,11676730,48951797
Nigeria,2015,32933230,5908230,27025000
Nigeria,2016,275471929,13451429,262020500
Nigeria,2017,467124817,40164787,426960030
Nigeria,2018,1126696359,34925914,1091770445
Nigeria,2019,19632479,3045897,16586582
Nigeria,2020,33070271,5185265,27885006
Nigeria,2021,180669036,10371256,170297780
Nigeria,2022,270479494,68569095,201910399
Nigeria,2023,122901085,47750705,75150380
Nigeria,2024,374196976,185277103,188919873
Nigeria,2025,147944099,13105657,134838442
Niue,1970,646055174,140420307,505634867
Niue,1991,14296000,10000000,4296000
Niue,1997,296000,296000,0
Niue,1998,134930,134930,0
Niue,2000,20132383,12014000,8118383
Niue,2001,405000,380000,25000
Niue,2002,1061000,950000,111000
Niue,2004,1205339,200000,1005339
Niue,2005,90038153,10946220,79091933
Niue,2006,33208000,5225000,27983000
Niue,2008,158285286,22667688,135617598
Niue,2011,25081860,9315568,15766292
Niue,2012,37344926,14202636,23142290
Niue,2013,8491000,7210000,1281000
Niue,2014,106292481,12995000,93297481
Niue,2015,100119664,11416504,88703160
Niue,2016,29055930,10277054,18778876
Niue,2017,1860500,1270500,590000
Niue,2018,125000,125000,0
Niue,2019,57620249,16957092,40663157
Niue,2020,6355000,4790000,1565000
Niue,2022,107056283,13835615,93220668
Niue,2023,140546897,56692968,83853929
Niue,2024,36435000,36435000,0
North Macedonia,1970,130840614,65420307,65420307
North Macedonia,1998,25370000,4100000,21270000
North Macedonia,1999,3636000,1095000,2541000
North Macedonia,2000,336500,336500,0
North Macedonia,2001,497000,497000,0
North Macedonia,2003,311100,295400,15700
North Macedonia,2006,44971000,9635000,35336000
North Macedonia,2007,51066400,1905000,49161400
North Macedonia,2008,5138550,1957000,3181550
North Macedonia,2010,643000,407000,236000
North Macedonia,2011,34400000,8500000,25900000
North Macedonia,2012,1010000,375000,635000
North Macedonia,2013,160817139,75571533,85245606
North Macedonia,2014,241879721,7600000,234279721
North Macedonia,2015,9682578,2752950,6929628
North Macedonia,2016,195963131,18712731,177250400
North Macedonia,2017,1520500,1270500,250000
North Macedonia,2018,3504480,2792480,712000
North Macedonia,2019,2730000,1320000,1410000
North Macedonia,2020,33725840,3662545,30063295
North Macedonia,2021,164385968,21768968,142617000
North Macedonia,2022,60505823,5631233,54874590
North Macedonia,2023,38190000,38190000,0
North Macedonia,2024,198854603,163854603,35000000
Oman,1997,266000,266000,0
Oman,2001,225000,150000,75000
Oman,2002,300000,300000,0
Oman,2003,453000,453000,0
Oman,2014,1527000,852000,675000
Oman,2015,2094050,1099050,995000
Oman,2021,200000,200000,0
Oman,2024,633000,633000,0
Pakistan,1970,1155954441,202109588,953844853
Pakistan,1991,13000000,9500000,3500000
Pakistan,1992,7000000,7000000,0
Pakistan,1995,2000000,2000000,0
Pakistan,1998,13876700,13216700,660000
Pakistan,1999,17250000,8850000,8400000
Pakistan,2002,651450,499650,151800
Pakistan,2003,1552900,1066000,486900
Pakistan,2004,11792000,2991350,8800650
Pakistan,2005,6338737,4075000,2263737
Pakistan,2007,20710998,16622498,4088500
Pakistan,2008,73942673,18543452,55399221
Pakistan,2009,89711963,45211963,44500000
Pakistan,2010,78435000,5180000,73255000
Pakistan,2011,11623960,4570960,7053000
Pakistan,2012,7525000,1955000,5570000
Pakistan,2013,28105415,6482415,21623000
Pakistan,2014,77032500,9650594,67381906
Pakistan,2015,79797600,13742550,66055050
Pakistan,2016,7362200,1575500,5786700
Pakistan,2017,26739242,19999426,6739816
Pakistan,2018,61950961,10622961,51328000
Pakistan,2020,13585870,11534980,2050890
Pakistan,2022,69825522,13450916,56374606
Pakistan,2023,108414721,75464275,32950446
Pakistan,2024,55901818,38872018,17029800
Palau,1970,653586925,142852058,510734867
Palau,1991,14296000,10000000,4296000
Palau,2000,359000,309000,50000
Palau,2001,330000,330000,0
Palau,2002,811000,700000,111000
Palau,2003,359000,347000,12000
Palau,2004,0,0,0
Palau,2005,90263153,11146220,79116933
Palau,2008,162685286,23642688,139042598
Palau,2009,1640880,840000,800880
Palau,2010,56343183,18572728,37770455
Palau,2011,7010890,3031818,3979072
Palau,2012,36118790,21403000,14715790
Palau,2013,148617267,72851267,75766000
Palau,2014,108337481,14040000,94297481
Palau,2015,101299664,11966504,89333160
Palau,2016,33860174,10329898,23530276
Palau,2017,1860500,1270500,590000
Palau,2018,68308525,25341219,42967306
Palau,2020,27341543,6685856,20655687
Palau,2021,24729975,3826484,20903491
Palau,2022,196987440,57809772,139177668
Palau,2023,130853471,54660021,76193450
Palau,2024,218286050,170986050,47300000
Palestinian Authority,1970,130840614,65420307,65420307
Palestinian Authority,1997,350000,350000,0
Palestinian Authority,1998,8156500,6372500,1784000
Palestinian Authority,1999,41894100,13273200,28620900
Palestinian Authority,2001,1249000,994000,255000
Palestinian Authority,2024,161186603,126186603,35000000
Panama,1970,1175262597,206463369,968799228
Panama,1991,3500000,3000000,500000
Panama,1996,215000,215000,0
Panama,1997,1833700,993700,840000
Panama,1998,12814000,8414000,4400000
Panama,1999,26064430,12050000,14014430
Panama,2000,1505000,825000,680000
Panama,2001,1745800,945800,800000
Panama,2002,14667615,4016215,10651400
Panama,2003,13884000,7165000,6719000
Panama,2004,49085000,9200000,39885000
Panama,2005,9617100,2552100,7065000
Panama,2006,82679350,7955750,74723600
Panama,2007,207058437,38155498,168902939
Panama,2008,54599227,7008116,47591111
Panama,2009,89711963,45211963,44500000
Panama,2010,276429469,21727066,254702403
Panama,2011,22179093,6804927,15374166
Panama,2012,14326364,1636364,12690000
Panama,2013,148617267,72851267,75766000
Panama,2014,73543077,15925730,57617347
Panama,2015,165001117,17746372,147254745
Panama,2016,6417668,1900810,4516858
Panama,2017,125225739,29092427,96133312
Panama,2018,9282204,3378996,5903208
Panama,2019,183788438,19315663,164472775
Panama,2020,18873691,3137742,15735949
Panama,2021,117355087,15186089,102168998
Panama,2022,379395332,83181543,296213789
Panama,2023,58296099,41974862,16321237
Panama,2024,344537123,191847370,152689753
Papua New Guinea,1970,-1194989469,446859312,-1641848781
Papua New Guinea,1991,21096000,15000000,6096000
Papua New Guinea,1992,5801000,5000000,801000
Papua New Guinea,1994,4000000,4000000,0
Papua New Guinea,1996,345600,345600,0
Papua New Guinea,1998,14174900,6358300,7816600
Papua New Guinea,2000,20118383,12000000,8118383
Papua New Guinea,2002,16394000,9735000,6659000
Papua New Guinea,2004,200000,200000,0
Papua New Guinea,2005,92980753,11938220,81042533
Papua New Guinea,2006,33208000,5225000,27983000
Papua New Guinea,2007,58465131,9480000,48985131
Papua New Guinea,2008,157234286,22150688,135083598
Papua New Guinea,2009,98460010,47711963,50748047
Papua New Guinea,2010,36967183,13118183,23849000
Papua New Guinea,2011,48129490,12931818,35197672
Papua New Guinea,2012,91045655,44103365,46942290
Papua New Guinea,2013,11564552,2221552,9343000
Papua New Guinea,2014,101920877,13397000,88523877
Papua New Guinea,2015,157738222,24445862,133292360
Papua New Guinea,2016,13792468,6082192,7710276
Papua New Guinea,2017,110892217,16549802,94342415
Papua New Guinea,2018,42564419,20030419,22534000
Papua New Guinea,2019,61673164,11311915,50361249
Papua New Guinea,2020,6125000,4590000,1535000
Papua New Guinea,2021,69611312,11714220,57897092
Papua New Guinea,2022,172740147,23719488,149020659
Papua New Guinea,2023,121010804,53190000,67820804
Papua New Guinea,2024,95918228,52364218,43554010
Papua New Guinea,2025,59713762,16213762,43500000
Paraguay,1970,45598026,392361101,-346763075
Paraguay,1996,4713000,2700000,2013000
Paraguay,1997,1535000,695000,840000
Paraguay,1998,327485,327485,0
Paraguay,1999,12451363,8896363,3555000
Paraguay,2000,1405000,725000,680000
Paraguay,2001,2057194,1098062,959132
Paraguay,2002,39880056,15373513,24506543
Paraguay,2003,492000,492000,0
Paraguay,2004,318000,240000,78000
Paraguay,2006,200000,200000,0
Paraguay,2009,87044030,17639091,69404939
Paraguay,2010,18291450,4500000,13791450
Paraguay,2012,5580000,2830000,2750000
Paraguay,2013,179658914,80785884,98873030
Paraguay,2014,1665594,730594,935000
Paraguay,2015,8825240,2946190,5879050
Paraguay,2016,252652194,10194734,242457460
Paraguay,2017,3750500,2315500,1435000
Paraguay,2018,35116146,7546424,27569722
Paraguay,2019,1102000,852000,250000
Paraguay,2021,57949952,10031950,47918002
Paraguay,2022,276303401,21062149,255241252
Paraguay,2023,39423000,39423000,0
Paraguay,2024,224990603,164786603,60204000
Peru,1970,2688681777,610409664,2078272113
Peru,1991,11255000,10400000,855000
Peru,1992,5801000,5000000,801000
Peru,1996,11189000,5641000,5548000
Peru,1997,5978600,4218600,1760000
Peru,1998,9250,9250,0
Peru,1999,58516387,14736018,43780369
Peru,2000,10763999,6661800,4102199
Peru,2001,28676302,12694217,15982085
Peru,2002,32255113,5912172,26342941
Peru,2003,191264964,26132400,165132564
Peru,2004,4830000,870000,3960000
Peru,2005,18695304,8191850,10503454
Peru,2006,269439081,23800000,245639081
Peru,2007,37037437,19335498,17701939
Peru,2008,63118872,15440000,47678872
Peru,2009,204696906,70395984,134300922
Peru,2010,46306791,14876104,31430687
Peru,2011,28280506,4570000,23710506
Peru,2012,100621559,43784265,56837294
Peru,2013,74435716,18032002,56403714
Peru,2014,176694631,31423068,145271563
Peru,2015,7347240,2418190,4929050
Peru,2016,148814100,20828212,127985888
Peru,2017,706461199,62126595,644334604
Peru,2018,303901859,35072038,268829821
Peru,2019,157994470,12934780,145059690
Peru,2021,359241515,50020925,309220590
Peru,2022,523632599,69115599,454517000
Peru,2023,5786576,2000000,3786576
Peru,2024,285196735,68449996,216746739
Peru,2025,234211886,29166361,205045525
Philippines,1970,2703766938,249625008,2454141930
Philippines,1991,1346600000,39500000,1307100000
Philippines,1992,5801000,5000000,801000
Philippines,1993,11400000,8000000,3400000
Philippines,1994,22856000,20000000,2856000
Philippines,1997,154500,154500,0
Philippines,1998,6786300,786300,6000000
Philippines,1999,38380000,18949000,19431000
Philippines,2000,24073294,12077454,11995840
Philippines,2001,36680180,18771350,17908830
Philippines,2002,34722200,11416200,23306000
Philippines,2003,40283500,12175000,28108500
Philippines,2004,115948389,23350655,92597734
Philippines,2005,40090000,7090000,33000000
Philippines,2006,63320000,9000000,54320000
Philippines,2007,326147658,49710384,276437274
Philippines,2008,32453493,7799164,24654329
Philippines,2009,162883028,64652963,98230065
Philippines,2010,161277219,25694000,135583219
Philippines,2011,241025568,23715292,217310276
Philippines,2012,18073510,8408333,9665177
Philippines,2013,46020675,7761819,38258856
Philippines,2014,963532707,40548894,922983813
Philippines,2015,69583216,13464065,56119151
Philippines,2016,264870437,37539726,227330711
Philippines,2017,51014206,11228362,39785844
Philippines,2018,87978229,21640480,66337749
Philippines,2019,27509500,2000000,25509500
Philippines,2020,94410623,14899967,79510656
Philippines,2021,127364296,13903611,113460685
Philippines,2022,569814050,50393340,519420710
Philippines,2023,135444203,20642047,114802156
Philippines,2024,274068212,178979794,95088418
Poland,1991,60936975,34200000,26736975
Poland,1994,9000000,9000000,0
Poland,1996,20372000,6419000,13953000
Poland,1998,6738000,3505000,3233000
Poland,1999,17100000,3663000,13437000
Poland,2001,6272550,2680950,3591600
Poland,2002,2616550,460000,2156550
Poland,2003,46215772,5504300,40711472
Poland,2004,110201701,11964350,98237351
Poland,2005,9415929,5941900,3474029
Poland,2008,1280000,745000,535000
Qatar,2019,8163040,7383040,780000
Qatar,2022,2117811,2117811,0
Qatar,2024,38253980,38253980,0
Regional,1970,10581684363,775388876,9806295487
Regional,1991,102663700,58500000,44163700
Regional,1992,81800000,42060000,39740000
Regional,1993,24946700,19900000,5046700
Regional,1994,5758188,3500000,2258188
Regional,1995,13190000,7000000,6190000
Regional,1996,77600000,35000000,42600000
Regional,1997,65359000,30577000,34782000
Regional,1998,171337750,71919250,99418500
Regional,1999,163006093,84620371,78385722
Regional,2000,122022511,63062596,58959915
Regional,2001,193738024,84616062,109121962
Regional,2002,149783996,66388732,83395264
Regional,2003,293909605,77636200,216273405
Regional,2004,440456507,174119732,266336775
Regional,2005,361827454,90088047,271739407
Regional,2006,459373442,98130630,361242812
Regional,2007,580997653,106261442,474736211
Regional,2008,866954616,179117968,687836648
Regional,2009,596615196,118619636,477995560
Regional,2010,499163525,85419628,413743897
Regional,2011,454632676,124140185,330492491
Regional,2012,316110320,63393576,252716744
Regional,2013,295330864,65277865,230052999
Regional,2014,1553519945,183758887,1369761058
Regional,2015,1231236626,151228865,1080007761
Regional,2016,2468098690,232941882,2235156808
Regional,2017,1772723732,203456093,1569267639
Regional,2018,2635807792,123806890,2512000902
Regional,2019,689328565,76193521,613135044
Regional,2020,1067249264,86315441,980933823
Regional,2021,1353938285,162081221,1191857064
Regional,2022,2229708851,260974362,1968734489
Regional,2023,1613864323,207608649,1406255674
Regional,2024,1323574650,103197427,1220377223
Regional,2025,137188208,17590867,119597341
Republic Of Korea,1991,13000000,9500000,3500000
Republic Of Korea,1999,35653000,21181200,14471800
Republic Of Korea,2002,24608248,14394183,10214065
Republic Of Korea,2004,13146927,2123905,11023022
Romania,1970,1750000,1750000,0
Romania,1991,43500000,8500000,35000000
Romania,1992,14100000,13800000,300000
Romania,1997,15620000,5690000,9930000
Romania,1998,5694250,2961750,2732500
Romania,1999,8800000,5500000,3300000
Romania,2000,2400000,990000,1410000
Romania,2001,30840000,14645000,16195000
Romania,2002,34000000,10000000,24000000
Romania,2003,198280,198280,0
Romania,2004,54628106,25240000,29388106
Romania,2005,5378100,1950000,3428100
Romania,2007,97219498,20099498,77120000
Romania,2008,5986550,2909000,3077550
Romania,2009,97693053,47126639,50566414
Romania,2011,222126968,7324840,214802128
Russian Federation,1970,2156480459,92597513,2063882946
Russian Federation,1992,150200000,12500000,137700000
Russian Federation,1994,20100000,20100000,0
Russian Federation,1996,21300000,8600000,12700000
Russian Federation,1997,5793920,4822920,971000
Russian Federation,1998,50675250,29137750,21537500
Russian Federation,1999,21363000,11957200,9405800
Russian Federation,2000,130180536,40016536,90164000
Russian Federation,2001,9695000,4750000,4945000
Russian Federation,2002,15123275,5047705,10075570
Russian Federation,2003,82713000,28210000,54503000
Russian Federation,2004,50040506,15026400,35014106
Russian Federation,2005,81892990,24823190,57069800
Russian Federation,2008,24308122,6419816,17888306
Russian Federation,2009,234288545,24504545,209784000
Russian Federation,2010,795597306,74394075,721203231
Russian Federation,2011,100486169,13648000,86838169
Russian Federation,2012,167954969,6400000,161554969
Russian Federation,2013,53805425,10031819,43773606
Russian Federation,2017,92500000,18000000,74500000
Rwanda,1970,2482466581,250041923,2232424658
Rwanda,1996,170640,170640,0
Rwanda,1998,13950,13950,0
Rwanda,2001,330000,330000,0
Rwanda,2003,110896000,17196000,93700000
Rwanda,2004,6795000,1195000,5600000
Rwanda,2005,53300000,4300000,49000000
Rwanda,2006,15695000,6450000,9245000
Rwanda,2007,32623566,3854000,28769566
Rwanda,2008,193490000,13700000,179790000
Rwanda,2009,102132910,10863700,91269210
Rwanda,2010,15913000,3486000,12427000
Rwanda,2011,34838238,11598650,23239588
Rwanda,2012,96074192,13193455,82880737
Rwanda,2013,8861000,7390000,1471000
Rwanda,2014,72090557,11294557,60796000
Rwanda,2015,35125350,23082950,12042400
Rwanda,2016,54210749,8824749,45386000
Rwanda,2017,5620881,3393500,2227381
Rwanda,2018,1898174,1598174,300000
Rwanda,2019,79263256,19242990,60020266
Rwanda,2020,171716945,19470195,152246750
Rwanda,2021,71649569,14655638,56993931
Rwanda,2022,3744291,3744291,0
Rwanda,2023,48461528,33741528,14720000
Rwanda,2024,509732703,171732703,338000000
Samoa,1970,692084654,146759120,545325534
Samoa,1991,14296000,10000000,4296000
Samoa,1996,4713000,2700000,2013000
Samoa,1997,2440000,2440000,0
Samoa,1998,172010,172010,0
Samoa,1999,1558126,899978,658148
Samoa,2000,21132383,13014000,8118383
Samoa,2001,612500,587500,25000
Samoa,2002,1031000,900000,131000
Samoa,2004,200000,200000,0
Samoa,2005,90038153,10946220,79091933
Samoa,2006,33208000,5225000,27983000
Samoa,2007,9050280,4525140,4525140
Samoa,2008,158285286,22667688,135617598
Samoa,2009,4100000,2000000,2100000
Samoa,2011,42183405,16970113,25213292
Samoa,2012,20959127,9393200,11565927
Samoa,2013,48191863,6686363,41505500
Samoa,2014,209912403,25954922,183957481
Samoa,2015,101119664,12416504,88703160
Samoa,2016,13792468,6082192,7710276
Samoa,2017,59218751,9469328,49749423
Samoa,2018,1898174,1598174,300000
Samoa,2019,1002000,852000,150000
Samoa,2020,2475390,1424500,1050890
Samoa,2022,129417251,17338583,112078668
Samoa,2023,121010804,53190000,67820804
Samoa,2024,196786603,161786603,35000000
Samoa,2025,38113382,2346482,35766900
Sao Tome and Principe,1970,1567855936,226665286,1341190650
Sao Tome and Principe,2000,163000,163000,0
Sao Tome and Principe,2001,350000,350000,0
Sao Tome and Principe,2002,372900,372900,0
Sao Tome and Principe,2003,249126,211126,38000
Sao Tome and Principe,2004,65203991,21212699,43991292
Sao Tome and Principe,2010,49122535,9700000,39422535
Sao Tome and Principe,2011,36953103,12147800,24805303
Sao Tome and Principe,2012,28340019,11536382,16803637
Sao Tome and Principe,2013,51573000,10180000,41393000
Sao Tome and Principe,2014,39423838,7747557,31676281
Sao Tome and Principe,2015,43768048,21488944,22279104
Sao Tome and Principe,2016,587200,400000,187200
Sao Tome and Principe,2017,4958421,3393500,1564921
Sao Tome and Principe,2018,238711859,33105859,205606000
Sao Tome and Principe,2019,44189529,5078539,39110990
Sao Tome and Principe,2020,35997039,20373039,15624000
Sao Tome and Principe,2022,19012799,7378994,11633805
Sao Tome and Principe,2023,95073759,49158349,45915410
Sao Tome and Principe,2024,199386285,72785641,126600644
Sao Tome and Principe,2025,600000,600000,0
Saudi Arabia,2002,350000,350000,0
Saudi Arabia,2012,18890000,3000000,15890000
Saudi Arabia,2014,456000,352000,104000
Saudi Arabia,2017,15320200,13946200,1374000
Saudi Arabia,2019,8163040,7383040,780000
Senegal,1970,3035767604,124140463,2911627141
Senegal,1991,6416975,4700000,1716975
Senegal,1994,5758188,3500000,2258188
Senegal,1996,8188200,5905200,2283000
Senegal,1997,19967100,4767100,15200000
Senegal,1998,11300,11300,0
Senegal,1999,900000,750000,150000
Senegal,2000,12361000,7991000,4370000
Senegal,2001,1240000,700000,540000
Senegal,2002,23138133,8987134,14150999
Senegal,2003,25439011,10845426,14593585
Senegal,2004,94293000,12400000,81893000
Senegal,2005,30062455,11617044,18445411
Senegal,2007,161674167,41710383,119963784
Senegal,2008,77713490,21305330,56408160
Senegal,2009,136016031,24390431,111625600
Senegal,2010,16707691,6066699,10640992
Senegal,2011,42452553,13563950,28888603
Senegal,2012,48843221,16868200,31975021
Senegal,2013,319585786,95039786,224546000
Senegal,2014,66216070,13658000,52558070
Senegal,2015,97751763,29627470,68124293
Senegal,2016,297181726,19089085,278092641
Senegal,2017,187571714,34502124,153069590
Senegal,2018,1898174,1598174,300000
Senegal,2019,196663620,23893523,172770097
Senegal,2020,319448817,16902067,302546750
Senegal,2021,20005509,11068509,8937000
Senegal,2022,800098876,123217451,676881425
Senegal,2023,138489563,51496163,86993400
Senegal,2024,317116047,182045272,135070775
Senegal,2025,46329243,5048777,41280466
Serbia,1970,240297450,11487621,228809829
Serbia,1997,13700000,3900000,9800000
Serbia,2001,11600000,5000000,6600000
Serbia,2003,499000,499000,0
Serbia,2004,25630990,12730190,12900800
Serbia,2005,22140000,9020000,13120000
Serbia,2007,81345000,5405000,75940000
Serbia,2008,53802438,14903392,38899046
Serbia,2010,12983371,1900000,11083371
Serbia,2011,34977149,9000000,25977149
Serbia,2012,6294476,3229476,3065000
Serbia,2013,401827,352000,49827
Serbia,2014,41704630,4945000,36759630
Serbia,2015,30375594,4114594,26261000
Serbia,2016,293719640,26832420,266887220
Serbia,2017,31917299,5397158,26520141
Serbia,2018,2302480,1940480,362000
Serbia,2019,1200000,1100000,100000
Serbia,2021,379402589,25689589,353713000
Serbia,2022,143718083,16161642,127556441
Serbia,2023,39423000,39423000,0
Serbia,2024,36435000,36435000,0
Seychelles,1970,1395124648,195558229,1199566419
Seychelles,1991,2000000,1800000,200000
Seychelles,1996,436290,436290,0
Seychelles,1997,10100,10100,0
Seychelles,1998,5698000,3892000,1806000
Seychelles,2000,4589087,2334240,2254847
Seychelles,2002,2272700,1198000,1074700
Seychelles,2003,270000,200000,70000
Seychelles,2004,11088465,4186140,6902325
Seychelles,2006,30670000,12200000,18470000
Seychelles,2007,102607590,33988200,68619390
Seychelles,2009,90211963,45611963,44600000
Seychelles,2010,49122535,9700000,39422535
Seychelles,2011,7606733,3293950,4312783
Seychelles,2012,7287138,1160000,6127138
Seychelles,2013,207974816,85856767,122118049
Seychelles,2014,63344289,10306086,53038203
Seychelles,2015,38171904,20359850,17812054
Seychelles,2016,474329845,29553891,444775954
Seychelles,2017,69926426,13685610,56240816
Seychelles,2018,2353735,1981735,372000
Seychelles,2019,31178860,3898914,27279946
Seychelles,2021,217409400,25631216,191778184
Seychelles,2022,216299430,57294471,159004959
Seychelles,2023,32058750,32058750,0
Seychelles,2024,280800086,181279435,99520651
Sierra Leone,1970,3215998432,359384042,2856614390
Sierra Leone,1996,309000,309000,0
Sierra Leone,1998,12396000,5072000,7324000
Sierra Leone,2001,275000,275000,0
Sierra Leone,2004,65175891,21204599,43971292
Sierra Leone,2006,394600,394600,0
Sierra Leone,2008,44000000,11000000,33000000
Sierra Leone,2009,79800000,15000000,64800000
Sierra Leone,2010,26926637,6181166,20745471
Sierra Leone,2011,26301703,10500000,15801703
Sierra Leone,2012,62305587,22036382,40269205
Sierra Leone,2013,175279129,78172819,97106310
Sierra Leone,2014,23858182,4708182,19150000
Sierra Leone,2015,15807800,14414400,1393400
Sierra Leone,2016,227532006,21036364,206495642
Sierra Leone,2017,46733421,13368500,33364921
Sierra Leone,2018,41418914,21148914,20270000
Sierra Leone,2020,12654975,11454975,1200000
Sierra Leone,2021,58802578,7150978,51651600
Sierra Leone,2022,476070160,87319681,388750479
Sierra Leone,2023,124419091,81884920,42534171
Sierra Leone,2024,565796720,207146305,358650415
Singapore,1998,6750000,750000,6000000
Singapore,2008,14506621,4299164,10207457
Singapore,2011,1500000,750000,750000
Slovak Republic,1970,1750000,1750000,0
Slovak Republic,1991,46670000,10800000,35870000
Slovak Republic,1995,5953000,3500000,2453000
Slovak Republic,1996,77000,77000,0
Slovak Republic,1997,13700000,3900000,9800000
Slovak Republic,1999,700000,663000,37000
Slovak Republic,2000,3480000,1718000,1762000
Slovak Republic,2001,23107804,7398500,15709304
Slovak Republic,2002,32100000,11250000,20850000
Slovak Republic,2003,75570110,9947420,65622690
Slovak Republic,2004,25118000,12240000,12878000
Slovak Republic,2005,3178000,970000,2208000
Slovak Republic,2006,20760040,10470040,10290000
Slovak Republic,2007,4319560,970000,3349560
Slovak Republic,2008,5584662,2719816,2864846
Slovak Republic,2009,95111963,46141963,48970000
Slovenia,1970,1750000,1750000,0
Slovenia,1991,43500000,8500000,35000000
Slovenia,1995,9718000,6200000,3518000
Slovenia,1997,14045000,4245000,9800000
Slovenia,1998,89000,89000,0
Slovenia,2000,13567995,6810000,6757995
Slovenia,2001,23895000,9395000,14500000
Slovenia,2002,8805000,5835000,2970000
Slovenia,2003,55949650,10107650,45842000
Slovenia,2004,25118000,12240000,12878000
Slovenia,2015,2177950,1152950,1025000
Solomon Islands,1970,822851186,161218319,661632867
Solomon Islands,1991,14296000,10000000,4296000
Solomon Islands,1996,4836000,2823000,2013000
Solomon Islands,1997,2440000,2440000,0
Solomon Islands,1998,8580,8580,0
Solomon Islands,2000,21118383,13000000,8118383
Solomon Islands,2002,811000,700000,111000
Solomon Islands,2004,200000,200000,0
Solomon Islands,2005,90238153,11146220,79091933
Solomon Islands,2006,33208000,5225000,27983000
Solomon Islands,2007,58465131,9480000,48985131
Solomon Islands,2008,158285286,22667688,135617598
Solomon Islands,2010,36967183,13118183,23849000
Solomon Islands,2012,13448000,6798000,6650000
Solomon Islands,2013,157108267,80061267,77047000
Solomon Islands,2014,318142702,42172138,275970564
Solomon Islands,2015,100119664,11416504,88703160
Solomon Islands,2016,50139422,11758646,38380776
Solomon Islands,2017,3092995,1963500,1129495
Solomon Islands,2019,8163040,7383040,780000
Solomon Islands,2020,106421461,26504226,79917235
Solomon Islands,2021,117032771,10784059,106248712
Solomon Islands,2022,244927458,35751399,209176059
Solomon Islands,2023,182221043,91248750,90972293
Solomon Islands,2024,213490405,165634103,47856302
Somalia,1970,1016627519,158363052,858264467
Somalia,2011,1833950,993950,840000
Somalia,2012,2408500,1200000,1208500
Somalia,2013,9293500,7542500,1751000
Somalia,2014,72820000,8000000,64820000
Somalia,2015,18671350,15982950,2688400
Somalia,2016,465893711,31829076,434064635
Somalia,2018,4853735,2981735,1872000
Somalia,2019,78575000,8831000,69744000
Somalia,2020,19769230,15987480,3781750
Somalia,2022,268456385,51049385,217407000
Somalia,2023,78959450,55229450,23730000
Somalia,2024,38349314,37185727,1163587
South Africa,1970,4859680735,331094790,4528585945
South Africa,1997,9287380,4750380,4537000
South Africa,1998,106964500,17714500,89250000
South Africa,1999,53634380,12543410,41090970
South Africa,2000,49595000,21227500,28367500
South Africa,2001,45582950,17023200,28559750
South Africa,2002,21588633,7363134,14225499
South Africa,2003,11706225,3147675,8558550
South Africa,2004,111341506,22830965,88510541
South Africa,2005,58328255,22640044,35688211
South Africa,2006,61488000,18700000,42788000
South Africa,2007,158099795,48987093,109112702
South Africa,2008,365925003,18783682,347141321
South Africa,2009,235336061,67562814,167773247
South Africa,2010,35271538,9648937,25622601
South Africa,2011,51785450,9905350,41880100
South Africa,2012,87874365,43878365,43996000
South Africa,2013,34475455,4680455,29795000
South Africa,2014,198977109,35459380,163517729
South Africa,2015,143973200,17150424,126822776
South Africa,2016,914361782,48783751,865578031
South Africa,2017,377846662,36788506,341058156
South Africa,2018,434412954,24992929,409420025
South Africa,2019,9285460,1137215,8148245
South Africa,2020,155142258,19094500,136047758
South Africa,2021,300233252,34055791,266177461
South Africa,2022,413038800,83407348,329631452
South Africa,2023,121655587,43013198,78642389
South Africa,2024,424210128,192860540,231349588
South Africa,2025,205093693,24424506,180669187
South Sudan,1970,107840468,37365394,70475074
South Sudan,2013,1520000,1120000,400000
South Sudan,2015,15807800,14414400,1393400
South Sudan,2017,3079560,1963500,1116060
South Sudan,2018,2353735,1981735,372000
South Sudan,2019,19931452,6329452,13602000
South Sudan,2020,41037420,13622420,27415000
South Sudan,2021,7313242,863242,6450000
South Sudan,2022,37227950,13220318,24007632
South Sudan,2023,56792968,41692968,15100000
South Sudan,2024,39184314,38020727,1163587
Sri Lanka,1970,1168343048,152782889,1015560159
Sri Lanka,1991,9330802,4087130,5243672
Sri Lanka,1997,62488040,12094000,50394040
Sri Lanka,2000,2844999,1462633,1382366
Sri Lanka,2001,43920000,16812000,27108000
Sri Lanka,2002,134320000,8495000,125825000
Sri Lanka,2003,1975000,1175000,800000
Sri Lanka,2004,12003994,5827025,6176969
Sri Lanka,2007,28136863,20567413,7569450
Sri Lanka,2008,59328807,17664870,41663937
Sri Lanka,2009,89711963,45211963,44500000
Sri Lanka,2010,5240000,1825000,3415000
Sri Lanka,2011,35069932,5517618,29552314
Sri Lanka,2012,53536780,8831705,44705075
Sri Lanka,2013,209294085,76198085,133096000
Sri Lanka,2014,107374561,6684018,100690543
Sri Lanka,2015,86417560,13685808,72731752
Sri Lanka,2016,11359969,5063042,6296927
Sri Lanka,2017,4112402,1963500,2148902
Sri Lanka,2018,13350345,3940480,9409865
Sri Lanka,2020,37733562,5634450,32099112
Sri Lanka,2021,23845547,3822146,20023401
Sri Lanka,2022,151853937,20981424,130872513
Sri Lanka,2023,39430800,6273000,33157800
Sri Lanka,2024,35600000,35600000,0
St. Kitts And Nevis,1970,768848206,180336361,588511845
St. Kitts And Nevis,1992,50500000,12500000,38000000
St. Kitts And Nevis,1997,6604000,6604000,0
St. Kitts And Nevis,1998,158620,158620,0
St. Kitts And Nevis,2001,1957194,998062,959132
St. Kitts And Nevis,2002,100000,100000,0
St. Kitts And Nevis,2003,9300000,5000000,4300000
St. Kitts And Nevis,2004,29432050,7651000,21781050
St. Kitts And Nevis,2005,112052184,13782691,98269493
St. Kitts And Nevis,2008,54774227,7183116,47591111
St. Kitts And Nevis,2011,31742075,14722493,17019582
St. Kitts And Nevis,2012,19028000,9628000,9400000
St. Kitts And Nevis,2013,8491000,7210000,1281000
St. Kitts And Nevis,2014,20511630,3371630,17140000
St. Kitts And Nevis,2015,303896006,49398021,254497985
St. Kitts And Nevis,2016,43602000,6060000,37542000
St. Kitts And Nevis,2017,38863700,22209700,16654000
St. Kitts And Nevis,2018,51859334,24896857,26962477
St. Kitts And Nevis,2019,164977141,14943938,150033203
St. Kitts And Nevis,2020,31836270,7605982,24230288
St. Kitts And Nevis,2021,143041860,21000000,122041860
St. Kitts And Nevis,2022,235213235,63239589,171973646
St. Kitts And Nevis,2023,84687745,73567745,11120000
St. Kitts And Nevis,2024,35600000,35600000,0
St. Lucia,1970,1485967747,225276328,1260691419
St. Lucia,1992,50500000,12500000,38000000
St. Lucia,1997,6669900,6669900,0
St. Lucia,1998,169600,169600,0
St. Lucia,1999,117744,117744,0
St. Lucia,2001,2237594,1278462,959132
St. Lucia,2002,100000,100000,0
St. Lucia,2003,9699900,5399900,4300000
St. Lucia,2004,29384050,7603000,21781050
St. Lucia,2005,112052184,13782691,98269493
St. Lucia,2006,5470000,2100000,3370000
St. Lucia,2008,54599227,7008116,47591111
St. Lucia,2009,6413394,3034027,3379367
St. Lucia,2010,271702403,20000000,251702403
St. Lucia,2011,31742075,14722493,17019582
St. Lucia,2012,37459837,22307200,15152637
St. Lucia,2013,148617267,72851267,75766000
St. Lucia,2014,41210940,3468804,37742136
St. Lucia,2015,321783806,64812421,256971385
St. Lucia,2016,43602000,6060000,37542000
St. Lucia,2017,41665324,12039984,29625340
St. Lucia,2018,70912470,29325002,41587468
St. Lucia,2019,177191881,24193678,152998203
St. Lucia,2020,2475390,1424500,1050890
St. Lucia,2021,181977432,29940893,152036539
St. Lucia,2022,329263136,75461607,253801529
St. Lucia,2023,77478663,71842586,5636077
St. Lucia,2024,228578503,163578503,65000000
St. Lucia,2025,8829370,3139296,5690074
St. Vincent and Grenadines,1970,119499695,34814220,84685475
St. Vincent and Grenadines,1992,50500000,12500000,38000000
St. Vincent and Grenadines,1997,1652000,812000,840000
St. Vincent and Grenadines,1998,349500,349500,0
St. Vincent and Grenadines,2001,1957194,998062,959132
St. Vincent and Grenadines,2002,486000,306000,180000
St. Vincent and Grenadines,2003,9500000,5200000,4300000
St. Vincent and Grenadines,2004,29207050,7426000,21781050
St. Vincent and Grenadines,2005,112052184,13782691,98269493
St. Vincent and Grenadines,2006,5470000,2100000,3370000
St. Vincent and Grenadines,2008,54599227,7008116,47591111
St. Vincent and Grenadines,2011,31742075,14722493,17019582
St. Vincent and Grenadines,2012,19028000,9628000,9400000
St. Vincent and Grenadines,2013,157108267,80061267,77047000
St. Vincent and Grenadines,2014,91351484,1726484,89625000
St. Vincent and Grenadines,2015,350709447,50585719,300123728
St. Vincent and Grenadines,2016,43002000,5460000,37542000
St. Vincent and Grenadines,2017,33032984,10639984,22393000
St. Vincent and Grenadines,2018,12758157,5729680,7028477
St. Vincent and Grenadines,2019,180872618,18701040,162171578
St. Vincent and Grenadines,2020,11110480,10110480,1000000
St. Vincent and Grenadines,2022,72431089,13525117,58905972
St. Vincent and Grenadines,2024,40624673,39074480,1550193
Sudan,1970,828748176,65535176,763213000
Sudan,1994,1585000,1500000,85000
Sudan,1996,290000,290000,0
Sudan,1997,334000,334000,0
Sudan,1998,38514000,19764000,18750000
Sudan,1999,1685000,725000,960000
Sudan,2000,100000,100000,0
Sudan,2001,112000,102000,10000
Sudan,2002,19858800,6806800,13052000
Sudan,2003,111200000,17500000,93700000
Sudan,2004,200000,200000,0
Sudan,2005,7926100,975000,6951100
Sudan,2007,94115254,11936165,82179089
Sudan,2008,94046416,11610014,82436402
Sudan,2009,42200000,12000000,30200000
Sudan,2010,8220000,3820000,4400000
Sudan,2011,10590684,5000000,5590684
Sudan,2012,36352000,8068000,28284000
Sudan,2013,33411481,7731481,25680000
Sudan,2014,282861364,17762364,265099000
Sudan,2015,4264150,2420550,1843600
Sudan,2016,36714953,8649753,28065200
Sudan,2017,78115173,17075907,61039266
Sudan,2018,66098760,13862760,52236000
Sudan,2019,31179452,5329452,25850000
Sudan,2020,49678736,11323986,38354750
Sudan,2021,84586406,8256406,76330000
Sudan,2022,11931537,6381537,5550000
Sudan,2023,77001020,47122420,29878600
Sudan,2024,36435000,36435000,0
Suriname,1970,1721555208,330108683,1391446525
Suriname,1991,5355000,4500000,855000
Suriname,1997,92000,92000,0
Suriname,1998,350000,350000,0
Suriname,1999,117744,117744,0
Suriname,2000,18059478,9240000,8819478
Suriname,2004,21837050,3926000,17911050
Suriname,2006,407800,407800,0
Suriname,2009,141552053,52211963,89340090
Suriname,2010,271702403,20000000,251702403
Suriname,2011,15440676,6938049,8502627
Suriname,2012,25500000,4400000,21100000
Suriname,2013,157108267,80061267,77047000
Suriname,2014,4425000,2025000,2400000
Suriname,2015,237286768,33562690,203724078
Suriname,2016,700000,700000,0
Suriname,2017,2192500,1501500,691000
Suriname,2018,42460237,16372978,26087259
Suriname,2019,321072611,26679718,294392893
Suriname,2020,13585870,11534980,2050890
Suriname,2021,232564353,34422019,198142334
Suriname,2022,170218730,24551966,145666764
Suriname,2023,83446305,45295936,38150369
Suriname,2024,443105932,192504563,250601369
Syria,1992,5801000,5000000,801000
Syria,1997,194000,194000,0
Syria,1998,67577000,12194000,55383000
Syria,1999,900000,750000,150000
Syria,2000,11999000,6074000,5925000
Syria,2001,180000,120000,60000
Syria,2002,528500,468500,60000
Syria,2004,6925850,3491850,3434000
Syria,2007,59552498,14552498,45000000
Syria,2008,61815616,16851014,44964602
Syria,2009,92168891,46186963,45981928
Syria,2010,1828000,875000,953000
Syria,2011,7400000,3000000,4400000
Syria,2012,8474945,2298545,6176400
Syria,2013,148617267,72851267,75766000
Syria,2022,1917804,1917804,0
Tajikistan,1970,492681207,55106553,437574654
Tajikistan,1998,21000000,12000000,9000000
Tajikistan,2000,1587223,1315721,271502
Tajikistan,2001,193000,193000,0
Tajikistan,2002,2429000,1044000,1385000
Tajikistan,2003,494323,494323,0
Tajikistan,2004,19000250,5472000,13528250
Tajikistan,2005,16274165,7668070,8606095
Tajikistan,2006,6325000,3025000,3300000
Tajikistan,2007,12968420,4810000,8158420
Tajikistan,2008,25530000,4715000,20815000
Tajikistan,2009,17007627,5735000,11272627
Tajikistan,2010,5482000,2050000,3432000
Tajikistan,2011,9830000,2840000,6990000
Tajikistan,2012,61772467,12147067,49625400
Tajikistan,2013,22619850,5581850,17038000
Tajikistan,2014,1450200,700200,750000
Tajikistan,2015,2094050,1099050,995000
Tajikistan,2016,71160356,13170356,57990000
Tajikistan,2017,82087026,14268159,67818867
Tajikistan,2018,34122873,6045873,28077000
Tajikistan,2020,46657423,16544500,30112923
Tajikistan,2021,14176484,1776484,12400000
Tajikistan,2022,77163739,12704569,64459170
Tajikistan,2023,40009863,39509863,500000
Tajikistan,2024,36833000,36833000,0
Tanzania,1970,2224895479,620152998,1604742481
Tanzania,1991,26416975,24700000,1716975
Tanzania,1994,2000000,2000000,0
Tanzania,1996,77600000,35000000,42600000
Tanzania,1997,254000,254000,0
Tanzania,1998,40364900,23161300,17203600
Tanzania,2000,3009250,1518500,1490750
Tanzania,2001,558950,536950,22000
Tanzania,2002,23428024,8302224,15125800
Tanzania,2003,156560000,29450000,127110000
Tanzania,2004,32373807,11071065,21302742
Tanzania,2005,80844688,17899595,62945093
Tanzania,2006,36901475,14977300,21924175
Tanzania,2007,343377544,76364318,267013226
Tanzania,2008,250490000,27200000,223290000
Tanzania,2009,133169927,56124663,77045264
Tanzania,2010,24276000,2630000,21646000
Tanzania,2011,147247528,23497449,123750079
Tanzania,2012,173368254,52042965,121325289
Tanzania,2013,62957909,17160544,45797365
Tanzania,2014,231265215,44651437,186613778
Tanzania,2015,35009698,5930648,29079050
Tanzania,2016,796529566,55089104,741440462
Tanzania,2017,134846601,36022741,98823860
Tanzania,2018,134344981,38747480,95597501
Tanzania,2019,63334039,10684039,52650000
Tanzania,2020,160173200,8626450,151546750
Tanzania,2021,124720394,14737615,109982779
Tanzania,2022,713362643,109154224,604208419
Tanzania,2023,111466358,47801833,63664525
Tanzania,2024,201945917,165782330,36163587
Tanzania,2025,36814966,4742966,32072000
Thailand,1970,-751773530,398896957,-1150670487
Thailand,1991,202000000,19000000,183000000
Thailand,1992,0,0,0
Thailand,1993,11400000,8000000,3400000
Thailand,1994,4000000,4000000,0
Thailand,1996,6476000,2941000,3535000
Thailand,1997,189500,189500,0
Thailand,1998,6750000,750000,6000000
Thailand,1999,44845000,27224000,17621000
Thailand,2000,100000,100000,0
Thailand,2001,147729830,25719000,122010830
Thailand,2002,2400000,800000,1600000
Thailand,2003,2308500,1500000,808500
Thailand,2004,13173621,4109134,9064487
Thailand,2006,24006300,7000000,17006300
Thailand,2007,120918234,32923834,87994400
Thailand,2008,92872659,28402028,64470631
Thailand,2009,107276508,48576508,58700000
Thailand,2010,31837323,8531791,23305532
Thailand,2011,72189532,15464955,56724577
Thailand,2012,122223165,45403365,76819800
Thailand,2013,1552000,852000,700000
Thailand,2014,342398643,42928558,299470085
Thailand,2015,11412954,2857954,8555000
Thailand,2016,311912808,23607000,288305808
Thailand,2017,4112402,1963500,2148902
Thailand,2018,70042605,8518440,61524165
Thailand,2019,146521320,14199620,132321700
Thailand,2021,184627685,12668105,171959580
Thailand,2022,276578922,45123352,231455570
Thailand,2023,232656500,23869655,208786845
Thailand,2024,294192081,176425256,117766825
Thailand,2025,53043696,5916208,47127488
Timor Leste,1970,139720522,68300215,71420307
Timor Leste,2004,200000,200000,0
Timor Leste,2007,44450736,11076336,33374400
Timor Leste,2008,295200,277200,18000
Timor Leste,2009,8748047,2500000,6248047
Timor Leste,2010,36967183,13118183,23849000
Timor Leste,2011,1500000,750000,750000
Timor Leste,2012,11631837,6118200,5513637
Timor Leste,2013,205482666,77451267,128031399
Timor Leste,2014,450647300,30126010,420521290
Timor Leste,2015,58000000,3000000,55000000
Timor Leste,2016,67758402,11000000,56758402
Timor Leste,2017,74059237,11709162,62350075
Timor Leste,2018,60013830,15110230,44903600
Timor Leste,2020,6125000,4590000,1535000
Timor Leste,2021,14946210,4416210,10530000
Timor Leste,2022,1917811,1917811,0
Timor Leste,2023,221164389,57484745,163679644
Timor Leste,2024,253165603,173018603,80147000
Togo,1970,1042120364,139079768,903040596
Togo,1997,338040,338040,0
Togo,1999,238800,238800,0
Togo,2000,100000,100000,0
Togo,2001,499500,499500,0
Togo,2003,3548711,2905126,643585
Togo,2004,64983991,21012699,43971292
Togo,2005,200000,200000,0
Togo,2006,16369611,5347380,11022231
Togo,2007,24300000,5400000,18900000
Togo,2009,5301782,2401182,2900600
Togo,2010,30184178,8425765,21758413
Togo,2011,91655260,20103557,71551703
Togo,2012,19442290,9807290,9635000
Togo,2013,166910813,78975813,87935000
Togo,2014,14810200,4560000,10250200
Togo,2015,46867950,9368550,37499400
Togo,2016,98932420,8932420,90000000
Togo,2017,24350421,6017500,18332921
Togo,2018,209152781,22697781,186455000
Togo,2019,146722000,15924771,130797229
Togo,2020,4344017,2797267,1546750
Togo,2021,51576136,9356136,42220000
Togo,2022,455756526,82620411,373136115
Togo,2023,136461322,51976073,84485249
Togo,2024,198854603,163854603,35000000
Tokelau,1991,14296000,10000000,4296000
Tokelau,2005,90038153,10946220,79091933
Tonga,1970,651441658,142196791,509244867
Tonga,1991,14296000,10000000,4296000
Tonga,1999,325000,325000,0
Tonga,2000,20118383,12000000,8118383
Tonga,2001,358000,318000,40000
Tonga,2002,1197000,1086000,111000
Tonga,2003,100000,100000,0
Tonga,2004,200000,200000,0
Tonga,2005,90038153,10946220,79091933
Tonga,2006,33208000,5225000,27983000
Tonga,2008,157234286,22150688,135083598
Tonga,2011,23485155,10026963,13458192
Tonga,2012,22775290,10073000,12702290
Tonga,2013,150931819,74172819,76759000
Tonga,2014,108300757,13801880,94498877
Tonga,2015,145816116,16895956,128920160
Tonga,2016,23827422,8927146,14900276
Tonga,2017,29570500,3909769,25660731
Tonga,2019,28429646,6252489,22177157
Tonga,2020,8600390,6014500,2585890
Tonga,2021,500000,500000,0
Tonga,2022,195033102,55855434,139177668
Tonga,2023,137260489,57054685,80205804
Tonga,2024,197621603,162621603,35000000
Trinidad and Tobago,1970,920925089,198820076,722105013
Trinidad and Tobago,1997,6627000,6627000,0
Trinidad and Tobago,1998,218870,218870,0
Trinidad and Tobago,1999,117744,117744,0
Trinidad and Tobago,2002,8820000,4450000,4370000
Trinidad and Tobago,2003,9400000,5100000,4300000
Trinidad and Tobago,2004,21818550,3907500,17911050
Trinidad and Tobago,2005,112052184,13782691,98269493
Trinidad and Tobago,2006,425500,425500,0
Trinidad and Tobago,2007,23389939,5688000,17701939
Trinidad and Tobago,2009,6413394,3034027,3379367
Trinidad and Tobago,2010,25917188,6296637,19620551
Trinidad and Tobago,2011,12870075,5972493,6897582
Trinidad and Tobago,2012,12484500,4859000,7625500
Trinidad and Tobago,2013,148617267,72851267,75766000
Trinidad and Tobago,2014,31602274,3742000,27860274
Trinidad and Tobago,2015,329302297,56405821,272896476
Trinidad and Tobago,2016,43602000,6060000,37542000
Trinidad and Tobago,2017,2192500,1501500,691000
Trinidad and Tobago,2018,11308735,8191735,3117000
Trinidad and Tobago,2019,164977141,14943938,150033203
Trinidad and Tobago,2020,26278644,5152392,21126252
Trinidad and Tobago,2021,166942724,25812562,141130162
Trinidad and Tobago,2022,145318612,19301966,126016646
Trinidad and Tobago,2023,97523805,47245936,50277869
Trinidad and Tobago,2024,237646284,174045748,63600536
Tunisia,1970,1783006411,178463552,1604542859
Tunisia,1992,25801000,23260000,2541000
Tunisia,1993,6500000,6500000,0
Tunisia,1996,1029400,654400,375000
Tunisia,1998,16137000,7784000,8353000
Tunisia,1999,46993709,16801967,30191742
Tunisia,2000,22671800,10420000,12251800
Tunisia,2001,1361270,431270,930000
Tunisia,2002,11496000,6130000,5366000
Tunisia,2004,31986900,8686900,23300000
Tunisia,2005,9810000,6310000,3500000
Tunisia,2006,1768160,848900,919260
Tunisia,2007,49905000,2905000,47000000
Tunisia,2008,99741072,21391000,78350072
Tunisia,2009,5493350,1627270,3866080
Tunisia,2010,152956000,23256000,129700000
Tunisia,2011,26913545,8644545,18269000
Tunisia,2012,28726433,11750845,16975588
Tunisia,2013,149354253,73208253,76146000
Tunisia,2014,550100433,42545246,507555187
Tunisia,2015,13585034,3695034,9890000
Tunisia,2016,170250000,15000000,155250000
Tunisia,2017,25563000,5063500,20499500
Tunisia,2018,30636173,4905990,25730183
Tunisia,2019,119451765,13250000,106201765
Tunisia,2020,782013028,30889000,751124028
Tunisia,2022,256049900,63125246,192924654
Tunisia,2023,45177906,41754906,3423000
Tunisia,2024,527616616,196577103,331039513
Turkmenistan,1970,232621451,26504595,206116856
Turkmenistan,1997,350000,350000,0
Turkmenistan,1998,21422020,12399220,9022800
Turkmenistan,2000,19549076,8295076,11254000
Turkmenistan,2001,1810000,850000,960000
Turkmenistan,2002,2135000,750000,1385000
Turkmenistan,2003,200000,200000,0
Turkmenistan,2004,31970420,6158420,25812000
Turkmenistan,2005,14594165,6718070,7876095
Turkmenistan,2006,9351600,4453600,4898000
Turkmenistan,2007,2049000,975000,1074000
Turkmenistan,2008,2374662,974816,1399846
Turkmenistan,2009,57067900,8515000,48552900
Turkmenistan,2011,46203280,2516280,43687000
Turkmenistan,2012,6020000,3050000,2970000
Turkmenistan,2015,82359050,9084050,73275000
Turkmenistan,2016,23876347,3046347,20830000
Turkmenistan,2017,158025951,32844405,125181546
Turkmenistan,2018,2302480,1940480,362000
Turkmenistan,2021,62111196,4583196,57528000
Turkmenistan,2022,39973226,9754336,30218890
Turkmenistan,2023,38190000,38190000,0
Turkmenistan,2024,85562911,41261798,44301113
Tuvalu,1970,808040220,156665353,651374867
Tuvalu,1991,14296000,10000000,4296000
Tuvalu,1996,4713000,2700000,2013000
Tuvalu,1997,2440000,2440000,0
Tuvalu,2000,21118383,13000000,8118383
Tuvalu,2002,811000,700000,111000
Tuvalu,2003,200000,200000,0
Tuvalu,2004,0,0,0
Tuvalu,2005,90258853,11166920,79091933
Tuvalu,2006,33208000,5225000,27983000
Tuvalu,2008,157476286,22382688,135093598
Tuvalu,2009,7800000,3300000,4500000
Tuvalu,2011,4302720,1740600,2562120
Tuvalu,2012,18316926,4574636,13742290
Tuvalu,2013,32929880,11630000,21299880
Tuvalu,2014,139796141,20341370,119454771
Tuvalu,2015,117469049,14080298,103388751
Tuvalu,2016,27802468,6582192,21220276
Tuvalu,2017,20400225,3910225,16490000
Tuvalu,2018,40999351,20765351,20234000
Tuvalu,2019,28429646,6252489,22177157
Tuvalu,2020,109771967,27826356,81945611
Tuvalu,2022,129381160,21062497,108318663
Tuvalu,2023,159275982,60358504,98917478
Tuvalu,2024,38253980,38253980,0
Türkiye,1970,902143187,132754429,769388758
Türkiye,1992,15000000,14400000,600000
Türkiye,1997,1920000,1790000,130000
Türkiye,1998,731250,693750,37500
Türkiye,2000,23525000,14250000,9275000
Türkiye,2001,7945000,4000000,3945000
Türkiye,2002,469700,469700,0
Türkiye,2004,56442106,13000000,43442106
Türkiye,2005,12560529,6365300,6195229
Türkiye,2007,82942437,20240498,62701939
Türkiye,2008,54472562,15037316,39435246
Türkiye,2009,101688563,50121963,51566600
Türkiye,2010,74813400,19020000,55793400
Türkiye,2011,43762582,9060268,34702314
Türkiye,2012,110879365,48173365,62706000
Türkiye,2013,310116986,4766986,305350000
Türkiye,2014,168155660,23033730,145121930
Türkiye,2015,58374050,4879050,53495000
Türkiye,2016,261144753,29715753,231429000
Türkiye,2017,93456359,15071313,78385046
Türkiye,2018,464014441,27181561,436832880
Türkiye,2019,114738584,11138584,103600000
Türkiye,2020,69872117,15674500,54197617
Türkiye,2021,203922906,18732952,185189954
Türkiye,2022,253667532,66459985,187207547
Türkiye,2023,267234237,53867064,213367173
Türkiye,2024,580769834,194017790,386752044
Uganda,1970,-84415478,436871084,-521286562
Uganda,1991,22726975,18700000,4026975
Uganda,1996,77683430,35083430,42600000
Uganda,1997,3081000,1881000,1200000
Uganda,1998,61108900,28655300,32453600
Uganda,1999,725000,725000,0
Uganda,2000,1416700,771000,645700
Uganda,2001,125350000,12950000,112400000
Uganda,2002,52794646,13712646,39082000
Uganda,2003,199790,199790,0
Uganda,2004,7833230,1693600,6139630
Uganda,2005,11666980,5493000,6173980
Uganda,2006,22793991,7402124,15391867
Uganda,2007,120791071,26160811,94630260
Uganda,2008,197323250,14500000,182823250
Uganda,2009,222904132,64801784,158102348
Uganda,2010,146066400,12135000,133931400
Uganda,2011,32869668,10711950,22157718
Uganda,2012,92786016,11684364,81101652
Uganda,2013,211021075,83596267,127424808
Uganda,2014,62811385,13491242,49320143
Uganda,2015,43505846,21136510,22369336
Uganda,2016,464628508,29850000,434778508
Uganda,2017,105338561,27549180,77789381
Uganda,2018,51673806,28075351,23598455
Uganda,2019,88974014,16566290,72407724
Uganda,2020,25440072,13958322,11481750
Uganda,2021,110911255,18104062,92807193
Uganda,2022,837264861,117586265,719678596
Uganda,2023,73703551,7695205,66008346
Uganda,2024,294876755,176777103,118099652
Ukraine,1970,-653930470,464367130,-1118297600
Ukraine,1991,44080000,9000000,35080000
Ukraine,1992,11040000,10800000,240000
Ukraine,1996,112000,112000,0
Ukraine,1997,15620000,5690000,9930000
Ukraine,1998,33431250,23893750,9537500
Ukraine,1999,14255000,7000000,7255000
Ukraine,2001,19865000,9320000,10545000
Ukraine,2002,3588200,2663200,925000
Ukraine,2003,699050,699050,0
Ukraine,2004,36450106,18240000,18210106
Ukraine,2005,2343000,975000,1368000
Ukraine,2006,23564000,3494000,20070000
Ukraine,2007,23389939,5688000,17701939
Ukraine,2008,11495562,4519816,6975746
Ukraine,2009,99554963,47246963,52308000
Ukraine,2010,114950000,8450000,106500000
Ukraine,2011,118386676,11656108,106730568
Ukraine,2012,34781364,9136364,25645000
Ukraine,2013,190097267,79301267,110796000
Ukraine,2014,108406606,21779106,86627500
Ukraine,2015,54327950,8152950,46175000
Ukraine,2016,232403195,20480000,211923195
Ukraine,2017,135247091,23726484,111520607
Ukraine,2018,64061532,28820532,35241000
Ukraine,2019,55800000,4800000,51000000
Ukraine,2021,95755642,9664876,86090766
Ukraine,2022,193790975,20944141,172846834
Ukraine,2023,199034867,15392694,183642173
Ukraine,2024,196786603,161786603,35000000
Uruguay,1970,934204202,134079166,800125036
Uruguay,1992,3000000,3000000,0
Uruguay,1995,980000,700000,280000
Uruguay,1996,121300,121300,0
Uruguay,1997,3880000,2500000,1380000
Uruguay,1999,10443837,5693837,4750000
Uruguay,2000,4996400,1571000,3425400
Uruguay,2001,1957194,998062,959132
Uruguay,2002,27322800,13899000,13423800
Uruguay,2003,220000,195000,25000
Uruguay,2004,21160000,6875000,14285000
Uruguay,2005,95850000,7000000,88850000
Uruguay,2007,14363000,3450000,10913000
Uruguay,2008,5951300,1929550,4021750
Uruguay,2009,84626587,15375000,69251587
Uruguay,2010,8500000,950000,7550000
Uruguay,2012,935155,588591,346564
Uruguay,2013,214375574,82280613,132094961
Uruguay,2014,17011401,3636000,13375401
Uruguay,2015,11309978,3026978,8283000
Uruguay,2016,4818430,2714400,2104030
Uruguay,2017,104863145,12722733,92140412
Uruguay,2018,25492083,7168516,18323567
Uruguay,2020,18726124,3491269,15234855
Uruguay,2021,19874762,9310662,10564100
Uruguay,2022,122879751,15685615,107194136
Uruguay,2023,138792126,48776500,90015626
Uruguay,2024,534427292,193173087,341254205
Uzbekistan,1970,-566206853,452322928,-1018529781
Uzbekistan,1996,183000,183000,0
Uzbekistan,1997,325500,325500,0
Uzbekistan,1998,21000000,12000000,9000000
Uzbekistan,1999,17006194,13353364,3652830
Uzbekistan,2000,1477380,823000,654380
Uzbekistan,2002,2135000,750000,1385000
Uzbekistan,2003,200000,200000,0
Uzbekistan,2004,12216394,6039425,6176969
Uzbekistan,2005,23955494,12663070,11292424
Uzbekistan,2006,6325000,3025000,3300000
Uzbekistan,2007,85038449,4785359,80253090
Uzbekistan,2008,4300000,2195000,2105000
Uzbekistan,2009,129736787,55490848,74245939
Uzbekistan,2010,8345812,950000,7395812
Uzbekistan,2012,40595000,12050000,28545000
Uzbekistan,2013,281469867,87863867,193606000
Uzbekistan,2014,44214077,6116730,38097347
Uzbekistan,2015,7365845,3035845,4330000
Uzbekistan,2016,168174962,12209863,155965099
Uzbekistan,2017,116719079,29971382,86747697
Uzbekistan,2018,2302480,1940480,362000
Uzbekistan,2019,8646700,1998040,6648660
Uzbekistan,2021,133859634,10899634,122960000
Uzbekistan,2022,210471307,61041017,149430290
Uzbekistan,2023,32058750,32058750,0
Uzbekistan,2024,182621054,41666054,140955000
Vanuatu,1970,834734600,160665353,674069247
Vanuatu,1991,14296000,10000000,4296000
Vanuatu,1996,4713000,2700000,2013000
Vanuatu,1997,2647360,2647360,0
Vanuatu,1998,13100,13100,0
Vanuatu,2000,21250120,13131737,8118383
Vanuatu,2002,811000,700000,111000
Vanuatu,2003,613000,593000,20000
Vanuatu,2004,1655343,945410,709933
Vanuatu,2005,90038153,10946220,79091933
Vanuatu,2006,33208000,5225000,27983000
Vanuatu,2007,58465131,9480000,48985131
Vanuatu,2008,157234286,22150688,135083598
Vanuatu,2010,36967183,13118183,23849000
Vanuatu,2011,37253405,14570113,22683292
Vanuatu,2012,28355290,12903000,15452290
Vanuatu,2013,148617267,72851267,75766000
Vanuatu,2014,250402795,26909018,223493777
Vanuatu,2015,154108561,16417454,137691107
Vanuatu,2016,35100706,12039872,23060834
Vanuatu,2017,14421821,8280500,6141321
Vanuatu,2018,20802170,2639726,18162444
Vanuatu,2020,78885814,18050000,60835814
Vanuatu,2021,25326617,5611617,19715000
Vanuatu,2022,262566934,69536686,193030248
Vanuatu,2023,182221043,91248750,90972293
Vanuatu,2024,334166725,175759725,158407000
Venezuela,1970,149644540,32643986,117000554
Venezuela,1991,11771975,9200000,2571975
Venezuela,1997,273370,273370,0
Venezuela,1999,2428900,938900,1490000
Venezuela,2000,33133488,9848802,23284686
Venezuela,2001,1957194,998062,959132
Venezuela,2002,9289900,4919900,4370000
Venezuela,2003,1775000,975000,800000
Venezuela,2004,5151000,1175000,3976000
Venezuela,2005,19795304,8941850,10853454
Venezuela,2006,36896961,7351900,29545061
Venezuela,2007,23389939,5688000,17701939
Venezuela,2009,171842919,59387829,112455090
Venezuela,2010,3550000,1775000,1775000
Venezuela,2011,23445455,7445455,16000000
Venezuela,2012,13944600,3635000,10309600
Venezuela,2013,148617267,72851267,75766000
Venezuela,2015,36157266,9402266,26755000
Venezuela,2017,87035812,12861500,74174312
Venezuela,2018,2353735,1981735,372000
Venezuela,2019,156095470,11735780,144359690
Venezuela,2020,2475390,1424500,1050890
Venezuela,2022,286224042,68569041,217655001
Venezuela,2023,115956492,49364092,66592400
Venezuela,2024,513275749,201947307,311328442
Viet Nam,1970,1098724282,451945339,646778943
Viet Nam,1991,13000000,9500000,3500000
Viet Nam,1992,3077474,2999959,77515
Viet Nam,1993,11400000,8000000,3400000
Viet Nam,1996,3270000,3000000,270000
Viet Nam,1997,8316618,6011840,2304778
Viet Nam,1998,224500,224500,0
Viet Nam,1999,44845000,27224000,17621000
Viet Nam,2000,2121074,972447,1148627
Viet Nam,2001,42604466,19492885,23111581
Viet Nam,2002,16400000,5300000,11100000
Viet Nam,2003,45528665,9740584,35788081
Viet Nam,2004,91290621,13984134,77306487
Viet Nam,2005,373780250,13719000,360061250
Viet Nam,2006,25641100,7997800,17643300
Viet Nam,2007,457965463,57575429,400390034
Viet Nam,2008,70457386,19539634,50917752
Viet Nam,2009,181445877,63768508,117677369
Viet Nam,2010,79685682,13632088,66053594
Viet Nam,2011,58774628,13085452,45689176
Viet Nam,2012,156409091,5534091,150875000
Viet Nam,2013,360066094,89607373,270458721
Viet Nam,2014,358647928,39265590,319382338
Viet Nam,2015,87123828,15374450,71749378
Viet Nam,2016,353362889,30823091,322539798
Viet Nam,2017,17053523,5393300,11660223
Viet Nam,2018,449189053,15750831,433438222
Viet Nam,2019,8163040,7383040,780000
Viet Nam,2020,13585870,11534980,2050890
Viet Nam,2021,209914368,17354387,192559981
Viet Nam,2022,353267689,41240116,312027573
Viet Nam,2023,399704886,28074905,371629981
Viet Nam,2024,128212377,46162377,82050000
Viet Nam,2025,139236454,7144454,132092000
Yemen,1970,358803600,108182697,250620903
Yemen,1992,2800000,2800000,0
Yemen,1996,290000,290000,0
Yemen,1997,13225600,5140400,8085200
Yemen,1998,36664000,19014000,17650000
Yemen,1999,2685000,1465000,1220000
Yemen,2000,200000,200000,0
Yemen,2002,500000,470000,30000
Yemen,2003,425000,400000,25000
Yemen,2004,2000875,999232,1001643
Yemen,2005,12195229,6000000,6195229
Yemen,2007,23389939,5688000,17701939
Yemen,2008,18081416,5885014,12196402
Yemen,2009,2267270,667270,1600000
Yemen,2010,35738000,4000000,31738000
Yemen,2012,19188000,3220000,15968000
Yemen,2013,151823819,75024819,76799000
Yemen,2014,1537186,1336986,200200
Yemen,2015,21991137,5953616,16037521
Yemen,2017,3786000,1963500,1822500
Yemen,2020,19710870,16124980,3585890
Yemen,2022,233509697,71913232,161596465
Yemen,2023,97706210,42206210,55500000
Yemen,2024,35600000,35600000,0
Yugoslavia,1997,13700000,3900000,9800000
Zambia,1970,2544069266,246279894,2297789372
Zambia,1991,10000000,10000000,0
Zambia,1997,9807440,5270440,4537000
Zambia,1998,2744000,2744000,0
Zambia,1999,919410,726460,192950
Zambia,2000,8890000,4500000,4390000
Zambia,2001,2590000,1447000,1143000
Zambia,2002,8805000,5835000,2970000
Zambia,2003,197500,197500,0
Zambia,2004,34535541,5174825,29360716
Zambia,2005,59997980,14100000,45897980
Zambia,2006,58738,58738,0
Zambia,2007,91752766,11254000,80498766
Zambia,2008,133672000,18540000,115132000
Zambia,2009,14614250,4279000,10335250
Zambia,2010,19090000,5652000,13438000
Zambia,2011,1833950,993950,840000
Zambia,2012,26791500,18128000,8663500
Zambia,2013,77054548,17318864,59735684
Zambia,2014,69294385,14366242,54928143
Zambia,2015,53296440,21467950,31828490
Zambia,2016,389793074,41419247,348373827
Zambia,2017,101821774,22943958,78877816
Zambia,2018,2317737,1981737,336000
Zambia,2020,92665031,15728881,76936150
Zambia,2021,102261490,25450290,76811200
Zambia,2022,463435204,43641725,419793479
Zambia,2023,157186834,22114495,135072339
Zambia,2024,208192707,164621603,43571104
Zambia,2025,115509649,11810092,103699557
Zimbabwe,1970,2092101329,179569292,1912532037
Zimbabwe,1991,7382650,7000000,382650
Zimbabwe,1992,77000000,7000000,70000000
Zimbabwe,1996,299456,299456,0
Zimbabwe,1997,9355600,4818600,4537000
Zimbabwe,1999,919410,726460,192950
Zimbabwe,2000,8890000,4500000,4390000
Zimbabwe,2001,5182900,2610000,2572900
Zimbabwe,2002,35576933,12292934,23283999
Zimbabwe,2003,155500,155500,0
Zimbabwe,2004,4983041,1944825,3038216
Zimbabwe,2005,30987226,12617044,18370182
Zimbabwe,2006,2139000,983000,1156000
Zimbabwe,2011,1833950,993950,840000
Zimbabwe,2012,554000,220000,334000
Zimbabwe,2013,148904253,72988253,75916000
Zimbabwe,2014,99450534,20282534,79168000
Zimbabwe,2015,2593550,1368550,1225000
Zimbabwe,2016,298074827,21260000,276814827
Zimbabwe,2017,49245195,26409700,22835495
Zimbabwe,2018,59739444,11966444,47773000
Zimbabwe,2020,50840176,7287000,43553176
Zimbabwe,2021,81574224,19651445,61922779
Zimbabwe,2022,216831078,58248124,158582954
Zimbabwe,2023,97065956,75696956,21369000
Zimbabwe,2024,297604272,175621603,121982669
